121.900000 121.610000
121.880000 121.620000
121.810000 121.790000
121.860000 121.840000
121.840000 121.830000
121.830000 121.810000
121.840000 121.820000
121.810000 121.800000
121.820000 121.810000
121.780000 121.760000
121.760000 121.740000
121.740000 121.740000
121.750000 121.740000
121.730000 121.740000
121.720000 121.740000
121.730000 121.740000
121.710000 121.740000
121.670000 121.740000
121.680000 121.740000
121.710000 121.740000
121.720000 121.740000
121.680000 121.740000
121.710000 121.740000
121.710000 121.740000
121.710000 121.740000
121.710000 121.740000
121.710000 121.740000
121.750000 121.740000
121.760000 121.740000
121.770000 121.760000
121.790000 121.780000
121.770000 121.750000
121.750000 121.740000
121.710000 121.740000
121.700000 121.740000
121.700000 121.740000
121.710000 121.740000
121.690000 121.740000
121.670000 121.740000
121.650000 121.740000
121.650000 121.740000
121.650000 121.740000
121.660000 121.740000
121.670000 121.740000
121.670000 121.740000
121.660000 121.740000
121.680000 121.740000
121.680000 121.740000
121.710000 121.740000
121.720000 121.740000
121.750000 121.740000
121.760000 121.740000
121.740000 121.740000
121.750000 121.740000
121.730000 121.740000
121.690000 121.740000
121.670000 121.740000
121.650000 121.740000
121.650000 121.740000
121.630000 121.740000
121.610000 121.740000
121.600000 121.740000
121.620000 121.740000
121.630000 121.740000
121.610000 121.740000
121.640000 121.740000
121.650000 121.740000
121.660000 121.740000
121.630000 121.740000
121.620000 121.740000
121.610000 121.740000
121.610000 121.740000
121.600000 121.740000
121.610000 121.740000
121.620000 121.740000
121.620000 121.740000
121.650000 121.740000
121.650000 121.740000
121.670000 121.740000
121.700000 121.740000
121.720000 121.740000
121.740000 121.740000
121.740000 121.740000
121.700000 121.740000
121.710000 121.740000
121.720000 121.740000
121.720000 121.740000
121.680000 121.740000
121.710000 121.740000
121.720000 121.740000
121.740000 121.740000
121.730000 121.740000
121.730000 121.740000
121.740000 121.740000
121.730000 121.740000
121.750000 121.740000
121.740000 121.740000
121.770000 121.740000
121.760000 121.740000
121.760000 121.740000
121.760000 121.740000
121.760000 121.740000
121.770000 121.760000
121.770000 121.750000
121.770000 121.750000
121.770000 121.750000
121.760000 121.740000
121.770000 121.750000
121.770000 121.750000
121.770000 121.750000
121.770000 121.750000
121.770000 121.750000
121.740000 121.740000
121.710000 121.740000
121.730000 121.740000
121.720000 121.740000
121.710000 121.740000
121.690000 121.740000
121.670000 121.740000
121.670000 121.740000
121.660000 121.740000
121.640000 121.740000
121.650000 121.740000
121.630000 121.740000
121.630000 121.740000
121.620000 121.740000
121.590000 121.740000
121.590000 121.740000
121.590000 121.740000
121.600000 121.740000
121.630000 121.740000
121.650000 121.740000
121.650000 121.740000
121.640000 121.740000
121.620000 121.740000
121.600000 121.740000
121.580000 121.740000
121.580000 121.740000
121.570000 121.740000
121.570000 121.740000
121.580000 121.740000
121.590000 121.740000
121.590000 121.740000
121.580000 121.740000
121.570000 121.740000
121.570000 121.740000
121.550000 121.740000
121.540000 121.740000
121.500000 121.740000
121.470000 121.740000
121.480000 121.740000
121.460000 121.740000
121.420000 121.740000
121.440000 121.740000
121.440000 121.740000
121.430000 121.740000
121.410000 121.740000
121.400000 121.740000
121.380000 121.740000
121.390000 121.740000
121.390000 121.740000
121.390000 121.740000
121.410000 121.740000
121.440000 121.740000
121.440000 121.740000
121.440000 121.740000
121.440000 121.740000
121.440000 121.740000
121.440000 121.740000
121.440000 121.740000
121.440000 121.740000
121.440000 121.740000
121.440000 121.740000
121.440000 121.740000
121.440000 121.740000
121.440000 121.740000
121.440000 121.740000
121.440000 121.740000
121.440000 121.740000
121.440000 121.740000
121.440000 121.740000
121.440000 121.740000
121.440000 121.740000
121.440000 121.740000
121.440000 121.740000
121.440000 121.740000
121.440000 121.740000
121.440000 121.740000
121.440000 121.740000
121.440000 121.740000
121.440000 121.740000
121.440000 121.740000
121.440000 121.740000
121.440000 121.740000
121.440000 121.740000
121.440000 121.740000
121.440000 121.740000
121.440000 121.740000
121.440000 121.740000
121.440000 121.740000
121.440000 121.740000
121.440000 121.740000
121.440000 121.740000
121.440000 121.740000
121.440000 121.740000
121.440000 121.740000
121.440000 121.740000
121.440000 121.740000
121.440000 121.740000
121.440000 121.740000
121.440000 121.740000
121.440000 121.740000
121.430000 121.740000
121.420000 121.740000
121.420000 121.740000
121.430000 121.740000
121.410000 121.740000
121.430000 121.740000
121.440000 121.740000
121.440000 121.740000
121.430000 121.740000
121.430000 121.740000
121.380000 121.740000
121.370000 121.740000
121.350000 121.740000
121.350000 121.740000
121.360000 121.740000
121.340000 121.740000
121.330000 121.740000
121.340000 121.740000
121.330000 121.740000
121.350000 121.740000
121.330000 121.740000
121.330000 121.740000
121.310000 121.740000
121.300000 121.740000
121.290000 121.740000
121.270000 121.740000
121.250000 121.740000
121.240000 121.740000
121.240000 121.740000
121.230000 121.740000
121.220000 121.740000
121.220000 121.740000
121.230000 121.740000
121.230000 121.740000
121.230000 121.740000
121.230000 121.740000
121.220000 121.740000
121.220000 121.740000
121.230000 121.740000
121.240000 121.740000
121.230000 121.740000
121.230000 121.740000
121.230000 121.740000
121.260000 121.740000
121.260000 121.740000
121.260000 121.740000
121.260000 121.740000
121.260000 121.740000
121.260000 121.740000
121.260000 121.740000
121.260000 121.740000
121.260000 121.740000
121.260000 121.740000
121.260000 121.740000
121.260000 121.740000
121.260000 121.740000
121.260000 121.740000
121.260000 121.740000
121.260000 121.740000
121.260000 121.740000
121.260000 121.740000
121.260000 121.740000
121.260000 121.740000
121.260000 121.740000
121.250000 121.740000
121.260000 121.740000
121.240000 121.740000
121.260000 121.740000
121.260000 121.740000
121.260000 121.740000
121.260000 121.740000
121.260000 121.740000
121.260000 121.740000
121.260000 121.740000
121.260000 121.740000
121.260000 121.740000
121.260000 121.740000
121.260000 121.740000
121.260000 121.740000
121.260000 121.740000
121.260000 121.740000
121.260000 121.740000
121.260000 121.740000
121.260000 121.740000
121.260000 121.740000
121.260000 121.740000
121.260000 121.740000
121.260000 121.740000
121.260000 121.740000
121.260000 121.740000
121.260000 121.740000
121.260000 121.740000
121.260000 121.740000
121.260000 121.740000
121.260000 121.740000
121.260000 121.740000
121.260000 121.740000
121.260000 121.740000
121.260000 121.740000
121.260000 121.740000
121.260000 121.740000
121.260000 121.740000
121.260000 121.740000
121.260000 121.740000
121.260000 121.740000
121.260000 121.740000
121.260000 121.740000
121.260000 121.740000
121.260000 121.740000
121.260000 121.740000
121.260000 121.740000
121.260000 121.740000
121.260000 121.740000
121.260000 121.740000
121.260000 121.740000
121.260000 121.740000
121.260000 121.740000
121.260000 121.740000
121.260000 121.740000
121.260000 121.740000
121.260000 121.740000
121.260000 121.740000
121.260000 121.740000
121.260000 121.740000
121.260000 121.740000
121.260000 121.740000
121.260000 121.740000
121.260000 121.740000
121.260000 121.740000
121.260000 121.740000
121.260000 121.740000
121.260000 121.740000
121.260000 121.740000
121.260000 121.740000
121.260000 121.740000
121.260000 121.740000
121.260000 121.740000
121.260000 121.740000
121.260000 121.740000
121.260000 121.740000
121.260000 121.740000
121.260000 121.740000
121.260000 121.740000
121.260000 121.740000
121.260000 121.740000
121.260000 121.740000
121.260000 121.740000
121.260000 121.740000
121.260000 121.740000
121.260000 121.740000
121.260000 121.740000
121.260000 121.740000
121.260000 121.740000
121.260000 121.740000
121.260000 121.740000
121.260000 121.740000
121.260000 121.740000
121.260000 121.740000
121.260000 121.740000
121.260000 121.740000
121.260000 121.740000
121.260000 121.740000
121.260000 121.740000
121.260000 121.740000
121.260000 121.740000
121.260000 121.740000
121.260000 121.740000
121.260000 121.740000
121.260000 121.740000
121.260000 121.740000
121.260000 121.740000
121.260000 121.740000
121.260000 121.740000
121.260000 121.740000
121.260000 121.740000
121.260000 121.740000
121.260000 121.740000
121.260000 121.740000
121.260000 121.740000
121.260000 121.740000
121.260000 121.740000
121.260000 121.740000
121.260000 121.740000
121.260000 121.740000
121.260000 121.740000
121.260000 121.740000
121.260000 121.740000
121.260000 121.740000
121.260000 121.740000
121.240000 121.740000
121.230000 121.740000
121.230000 121.740000
121.230000 121.740000
121.230000 121.740000
121.230000 121.740000
121.230000 121.740000
121.230000 121.740000
121.230000 121.740000
121.230000 121.740000
121.230000 121.740000
121.230000 121.740000
121.230000 121.740000
121.230000 121.740000
121.230000 121.740000
121.230000 121.740000
121.230000 121.740000
121.230000 121.740000
121.230000 121.740000
121.230000 121.740000
121.230000 121.740000
121.230000 121.740000
121.230000 121.740000
121.230000 121.740000
121.230000 121.740000
121.230000 121.740000
121.230000 121.740000
121.230000 121.740000
121.230000 121.740000
121.230000 121.740000
121.230000 121.740000
121.230000 121.740000
121.230000 121.740000
121.230000 121.740000
121.230000 121.740000
121.230000 121.740000
121.230000 121.740000
121.230000 121.740000
121.230000 121.740000
121.230000 121.740000
121.230000 121.740000
121.230000 121.740000
121.230000 121.740000
121.230000 121.740000
121.230000 121.740000
121.230000 121.740000
121.230000 121.740000
121.230000 121.740000
121.230000 121.740000
121.230000 121.740000
121.230000 121.740000
121.230000 121.740000
121.230000 121.740000
121.230000 121.740000
121.230000 121.740000
121.230000 121.740000
121.230000 121.740000
121.230000 121.740000
121.230000 121.740000
121.230000 121.740000
121.230000 121.740000
121.230000 121.740000
121.230000 121.740000
121.230000 121.740000
121.230000 121.740000
121.230000 121.740000
121.230000 121.740000
121.230000 121.740000
121.230000 121.740000
121.230000 121.740000
121.230000 121.740000
121.230000 121.740000
121.230000 121.740000
121.230000 121.740000
121.230000 121.740000
121.230000 121.740000
121.230000 121.740000
121.230000 121.740000
121.230000 121.740000
121.230000 121.740000
121.230000 121.740000
121.230000 121.740000
121.230000 121.740000
121.230000 121.740000
121.230000 121.740000
121.230000 121.740000
121.230000 121.740000
121.230000 121.740000
121.230000 121.740000
121.230000 121.740000
121.230000 121.740000
121.230000 121.740000
121.230000 121.740000
121.230000 121.740000
121.230000 121.740000
121.230000 121.740000
121.230000 121.740000
121.230000 121.740000
121.230000 121.740000
121.230000 121.740000
121.230000 121.740000
121.230000 121.740000
121.230000 121.740000
121.230000 121.740000
121.230000 121.740000
121.230000 121.740000
121.230000 121.740000
121.230000 121.740000
121.230000 121.740000
121.230000 121.740000
121.230000 121.740000
121.230000 121.740000
121.230000 121.740000
121.230000 121.740000
121.230000 121.740000
121.230000 121.740000
121.230000 121.740000
121.230000 121.740000
121.230000 121.740000
121.230000 121.740000
121.230000 121.740000
121.230000 121.750000
121.230000 121.770000
121.230000 121.770000
121.230000 121.760000
121.230000 121.780000
121.230000 121.780000
121.230000 121.780000
121.230000 121.760000
121.230000 121.770000
121.230000 121.820000
121.230000 121.760000
121.230000 121.760000
121.230000 121.770000
121.230000 121.760000
121.230000 121.750000
121.230000 121.760000
121.230000 121.740000
121.230000 121.740000
121.230000 121.740000
121.230000 121.740000
121.230000 121.740000
121.230000 121.740000
121.230000 121.740000
121.230000 121.740000
121.230000 121.740000
121.230000 121.740000
121.230000 121.740000
121.230000 121.740000
121.230000 121.740000
121.230000 121.740000
121.230000 121.740000
121.230000 121.740000
121.230000 121.740000
121.230000 121.740000
121.230000 121.740000
121.230000 121.740000
121.230000 121.740000
121.230000 121.740000
121.230000 121.740000
121.230000 121.740000
121.230000 121.750000
121.230000 121.760000
121.230000 121.750000
121.230000 121.750000
121.230000 121.770000
121.230000 121.780000
121.230000 121.780000
121.230000 121.780000
121.230000 121.780000
121.230000 121.780000
121.230000 121.770000
121.230000 121.780000
121.230000 121.790000
121.230000 121.780000
121.230000 121.780000
121.230000 121.780000
121.230000 121.760000
121.230000 121.740000
121.230000 121.740000
121.230000 121.740000
121.230000 121.740000
121.230000 121.740000
121.230000 121.740000
121.230000 121.740000
121.230000 121.740000
121.230000 121.760000
121.230000 121.760000
121.230000 121.760000
121.230000 121.760000
121.230000 121.760000
121.230000 121.760000
121.230000 121.750000
121.230000 121.750000
121.230000 121.760000
121.230000 121.770000
121.230000 121.800000
121.230000 121.790000
121.230000 121.750000
121.230000 121.740000
121.230000 121.740000
121.230000 121.740000
121.230000 121.740000
121.230000 121.740000
121.230000 121.740000
121.230000 121.740000
121.230000 121.740000
121.230000 121.740000
121.230000 121.740000
121.230000 121.740000
121.230000 121.740000
121.230000 121.740000
121.230000 121.740000
121.230000 121.740000
121.230000 121.740000
121.230000 121.740000
121.230000 121.740000
121.230000 121.740000
121.230000 121.740000
121.230000 121.740000
121.230000 121.740000
121.230000 121.740000
121.230000 121.740000
121.230000 121.740000
121.230000 121.740000
121.230000 121.740000
121.230000 121.740000
121.230000 121.740000
121.230000 121.740000
121.230000 121.740000
121.230000 121.740000
121.230000 121.740000
121.230000 121.740000
121.230000 121.740000
121.230000 121.740000
121.230000 121.740000
121.230000 121.740000
121.230000 121.740000
121.230000 121.740000
121.230000 121.740000
121.230000 121.740000
121.230000 121.740000
121.230000 121.740000
121.230000 121.740000
121.230000 121.740000
121.230000 121.740000
121.230000 121.740000
121.230000 121.740000
121.230000 121.740000
121.230000 121.740000
121.230000 121.740000
121.230000 121.740000
121.230000 121.740000
121.230000 121.740000
121.230000 121.740000
121.230000 121.740000
121.230000 121.760000
121.230000 121.780000
121.230000 121.790000
121.230000 121.790000
121.230000 121.790000
121.230000 121.790000
121.230000 121.790000
121.230000 121.790000
121.230000 121.790000
121.230000 121.790000
121.230000 121.840000
121.230000 121.840000
121.230000 121.820000
121.230000 121.790000
121.230000 121.820000
121.230000 121.800000
121.230000 121.820000
121.230000 121.800000
121.230000 121.800000
121.230000 121.790000
121.230000 121.790000
121.230000 121.790000
121.230000 121.790000
121.230000 121.790000
121.230000 121.790000
121.230000 121.790000
121.230000 121.790000
121.230000 121.790000
121.230000 121.790000
121.230000 121.790000
121.230000 121.790000
121.230000 121.790000
121.230000 121.790000
121.230000 121.790000
121.230000 121.790000
121.230000 121.790000
121.230000 121.790000
121.230000 121.790000
121.230000 121.790000
121.230000 121.790000
121.230000 121.790000
121.230000 121.790000
121.230000 121.790000
121.230000 121.790000
121.230000 121.790000
121.230000 121.790000
121.230000 121.790000
121.230000 121.790000
121.230000 121.790000
121.230000 121.790000
121.230000 121.790000
121.230000 121.790000
121.230000 121.790000
121.230000 121.790000
121.230000 121.790000
121.230000 121.790000
121.230000 121.790000
121.230000 121.790000
121.230000 121.790000
121.230000 121.790000
121.230000 121.790000
121.230000 121.790000
121.230000 121.790000
121.230000 121.790000
121.230000 121.790000
121.230000 121.790000
121.230000 121.790000
121.230000 121.790000
121.230000 121.790000
121.230000 121.790000
121.230000 121.790000
121.230000 121.790000
121.230000 121.790000
121.230000 121.790000
121.230000 121.790000
121.230000 121.790000
121.230000 121.790000
121.230000 121.790000
121.230000 121.790000
121.230000 121.790000
121.230000 121.790000
121.230000 121.790000
121.230000 121.790000
121.230000 121.790000
121.230000 121.790000
121.230000 121.790000
121.230000 121.790000
121.230000 121.790000
121.230000 121.790000
121.230000 121.790000
121.230000 121.790000
121.230000 121.790000
121.230000 121.790000
121.230000 121.790000
121.230000 121.790000
121.230000 121.790000
121.230000 121.790000
121.230000 121.790000
121.230000 121.790000
121.230000 121.790000
121.230000 121.790000
121.230000 121.790000
121.230000 121.790000
121.230000 121.790000
121.230000 121.790000
121.230000 121.790000
121.230000 121.790000
121.230000 121.790000
121.230000 121.790000
121.230000 121.790000
121.230000 121.790000
121.230000 121.790000
121.230000 121.790000
121.230000 121.790000
121.230000 121.790000
121.230000 121.790000
121.230000 121.790000
121.230000 121.790000
121.230000 121.790000
121.230000 121.790000
121.230000 121.790000
121.230000 121.790000
121.230000 121.790000
121.230000 121.790000
121.230000 121.790000
121.230000 121.790000
121.230000 121.790000
121.230000 121.790000
121.230000 121.790000
121.230000 121.790000
121.230000 121.790000
121.230000 121.790000
121.230000 121.790000
121.230000 121.790000
121.230000 121.790000
121.230000 121.790000
121.230000 121.790000
121.230000 121.790000
121.230000 121.790000
121.230000 121.790000
121.230000 121.790000
121.230000 121.790000
121.230000 121.790000
121.230000 121.790000
121.230000 121.790000
121.230000 121.790000
121.230000 121.790000
121.230000 121.790000
121.230000 121.790000
121.230000 121.790000
121.230000 121.790000
121.230000 121.790000
121.230000 121.790000
121.230000 121.790000
121.230000 121.790000
121.230000 121.790000
121.230000 121.790000
121.230000 121.790000
121.230000 121.790000
121.230000 121.790000
121.230000 121.790000
121.230000 121.790000
121.230000 121.790000
121.230000 121.790000
121.230000 121.790000
121.230000 121.790000
121.230000 121.790000
121.230000 121.790000
121.230000 121.790000
121.230000 121.790000
121.230000 121.790000
121.230000 121.790000
121.230000 121.790000
121.230000 121.790000
121.230000 121.790000
121.230000 121.790000
121.230000 121.790000
121.230000 121.790000
121.230000 121.790000
121.230000 121.790000
121.230000 121.790000
121.230000 121.790000
121.230000 121.790000
121.230000 121.790000
121.230000 121.790000
121.230000 121.790000
121.230000 121.790000
121.230000 121.790000
121.230000 121.790000
121.230000 121.790000
121.230000 121.790000
121.230000 121.790000
121.230000 121.790000
121.230000 121.790000
121.230000 121.790000
121.230000 121.790000
121.230000 121.790000
121.230000 121.790000
121.230000 121.790000
121.230000 121.790000
121.230000 121.790000
121.230000 121.790000
121.230000 121.790000
121.230000 121.790000
121.230000 121.790000
121.230000 121.790000
121.230000 121.790000
121.230000 121.790000
121.230000 121.790000
121.230000 121.790000
121.230000 121.790000
