121.900000 583.820000
121.900000 583.820000
121.900000 583.820000
121.900000 583.820000
121.900000 583.820000
121.900000 583.820000
121.880000 583.820000
121.880000 583.820000
121.880000 583.820000
121.880000 583.860000
121.880000 583.860000
121.880000 583.860000
121.880000 583.860000
121.880000 583.860000
121.880000 583.860000
121.870000 583.860000
121.870000 583.860000
121.800000 583.860000
121.800000 583.860000
121.800000 583.860000
121.800000 583.860000
121.800000 583.990000
121.800000 583.990000
121.800000 583.990000
121.830000 584.260000
121.870000 584.300000
121.830000 584.400000
121.830000 584.510000
121.830000 584.510000
121.820000 584.510000
121.820000 584.550000
121.790000 584.620000
121.750000 584.490000
121.770000 584.490000
121.730000 584.490000
121.740000 584.490000
121.740000 584.490000
121.720000 584.490000
121.730000 584.490000
121.710000 584.430000
121.690000 584.170000
121.670000 584.170000
121.700000 584.180000
121.720000 584.190000
121.710000 584.170000
121.680000 584.170000
121.720000 584.170000
121.720000 584.180000
121.700000 584.180000
121.710000 584.180000
121.710000 584.180000
121.740000 584.190000
121.750000 584.050000
121.760000 584.100000
121.760000 583.860000
121.790000 583.990000
121.770000 584.050000
121.750000 583.840000
121.730000 583.840000
121.730000 583.840000
121.710000 583.840000
121.710000 583.840000
121.710000 583.840000
121.680000 583.810000
121.650000 583.800000
121.640000 583.480000
121.650000 583.480000
121.630000 583.500000
121.680000 583.620000
121.670000 583.620000
121.670000 583.620000
121.670000 583.620000
121.690000 583.760000
121.690000 583.890000
121.690000 583.890000
121.710000 584.090000
121.720000 584.180000
121.740000 584.180000
121.760000 584.350000
121.740000 584.110000
121.730000 583.970000
121.730000 584.010000
121.710000 583.980000
121.710000 583.970000
121.670000 583.900000
121.650000 583.790000
121.660000 583.790000
121.640000 583.790000
121.610000 583.790000
121.590000 583.790000
121.610000 583.710000
121.640000 583.750000
121.620000 583.870000
121.600000 583.870000
121.650000 583.920000
121.650000 584.070000
121.660000 584.070000
121.630000 584.070000
121.620000 584.070000
121.610000 583.970000
121.610000 583.970000
121.620000 583.970000
121.620000 583.970000
121.610000 583.970000
121.630000 583.970000
121.630000 583.970000
121.650000 583.970000
121.640000 583.990000
121.670000 584.130000
121.690000 584.310000
121.710000 584.400000
121.720000 584.540000
121.740000 584.630000
121.750000 584.630000
121.710000 584.540000
121.720000 584.530000
121.710000 584.620000
121.710000 584.620000
121.710000 584.620000
121.680000 584.570000
121.710000 584.830000
121.720000 584.980000
121.760000 585.010000
121.730000 585.170000
121.730000 585.170000
121.740000 585.170000
121.730000 585.170000
121.730000 585.170000
121.750000 585.170000
121.740000 585.170000
121.760000 585.170000
121.760000 585.170000
121.760000 585.170000
121.760000 585.170000
121.760000 585.170000
121.770000 585.230000
121.770000 585.230000
121.760000 585.230000
121.770000 585.230000
121.760000 585.230000
121.770000 585.180000
121.770000 585.180000
121.770000 585.180000
121.760000 585.180000
121.770000 585.180000
121.730000 585.040000
121.710000 584.990000
121.730000 585.000000
121.720000 584.990000
121.710000 584.990000
121.690000 584.990000
121.670000 584.970000
121.660000 584.850000
121.660000 584.800000
121.650000 584.800000
121.640000 584.800000
121.640000 584.800000
121.630000 584.720000
121.620000 584.720000
121.620000 584.660000
121.590000 584.470000
121.590000 584.470000
121.590000 584.470000
121.590000 584.470000
121.630000 584.530000
121.650000 584.530000
121.650000 584.530000
121.650000 584.530000
121.620000 584.490000
121.610000 584.490000
121.600000 584.490000
121.580000 584.490000
121.580000 584.490000
121.570000 584.490000
121.570000 584.490000
121.580000 584.490000
121.580000 584.510000
121.590000 584.510000
121.580000 584.490000
121.570000 584.490000
121.570000 584.490000
121.560000 584.490000
121.540000 584.490000
121.500000 584.400000
121.480000 584.400000
121.480000 584.400000
121.460000 584.400000
121.440000 584.380000
121.430000 584.340000
121.450000 584.340000
121.430000 584.340000
121.420000 584.340000
121.400000 584.290000
121.390000 584.290000
121.380000 584.280000
121.400000 584.280000
121.390000 584.280000
121.390000 584.280000
121.410000 584.290000
121.440000 584.290000
121.440000 584.300000
121.440000 584.310000
121.440000 584.310000
121.440000 584.310000
121.440000 584.310000
121.440000 584.310000
121.430000 584.310000
121.440000 584.310000
121.440000 584.310000
121.440000 584.310000
121.440000 584.320000
121.440000 584.320000
121.440000 584.370000
121.440000 584.370000
121.440000 584.370000
121.440000 584.370000
121.440000 584.420000
121.440000 584.420000
121.440000 584.420000
121.440000 584.420000
121.440000 584.420000
121.440000 584.420000
121.440000 584.420000
121.440000 584.420000
121.440000 584.210000
121.440000 584.090000
121.440000 584.090000
121.440000 584.090000
121.440000 584.090000
121.440000 584.090000
121.440000 584.130000
121.440000 584.130000
121.440000 584.130000
121.440000 584.130000
121.440000 584.130000
121.440000 584.100000
121.440000 584.100000
121.440000 584.100000
121.440000 584.100000
121.440000 584.170000
121.440000 584.090000
121.440000 584.090000
121.440000 584.090000
121.440000 584.090000
121.440000 584.090000
121.440000 584.100000
121.440000 584.100000
121.440000 584.180000
121.440000 584.340000
121.440000 584.340000
121.440000 584.180000
121.440000 584.110000
121.430000 584.100000
121.420000 584.000000
121.420000 583.570000
121.430000 583.830000
121.410000 583.920000
121.440000 583.920000
121.420000 583.920000
121.440000 583.960000
121.430000 583.950000
121.430000 583.680000
121.420000 583.860000
121.380000 583.690000
121.380000 583.580000
121.350000 583.580000
121.340000 583.630000
121.360000 583.520000
121.340000 583.520000
121.340000 583.630000
121.340000 583.630000
121.330000 583.630000
121.340000 583.520000
121.360000 583.630000
121.320000 583.630000
121.330000 583.630000
121.310000 583.570000
121.290000 583.570000
121.270000 583.500000
121.290000 583.340000
121.270000 583.350000
121.250000 583.130000
121.240000 583.130000
121.230000 583.140000
121.230000 583.140000
121.220000 583.140000
121.230000 583.270000
121.220000 583.270000
121.230000 583.270000
121.230000 583.270000
121.230000 583.270000
121.210000 583.130000
121.220000 583.130000
121.240000 583.140000
121.240000 583.140000
121.220000 583.130000
121.230000 583.130000
121.230000 583.130000
121.230000 583.130000
121.260000 583.130000
121.260000 583.160000
121.260000 583.190000
121.260000 583.350000
121.260000 583.210000
121.260000 583.360000
121.260000 583.360000
121.260000 583.350000
121.260000 583.350000
121.260000 583.230000
121.260000 583.230000
121.260000 583.240000
121.260000 583.230000
121.260000 583.230000
121.260000 583.270000
121.260000 583.260000
121.260000 583.250000
121.260000 583.250000
121.260000 583.250000
121.260000 583.250000
121.260000 583.250000
121.260000 583.250000
121.260000 583.250000
121.250000 583.250000
121.260000 583.250000
121.260000 583.250000
121.260000 583.250000
121.260000 583.250000
121.260000 583.250000
121.260000 583.430000
121.260000 583.430000
121.260000 583.430000
121.260000 583.700000
121.260000 583.700000
121.260000 583.700000
121.260000 583.700000
121.260000 583.700000
121.260000 583.700000
121.260000 583.700000
121.260000 583.700000
121.260000 583.700000
121.260000 583.700000
121.260000 583.700000
121.260000 583.700000
121.260000 583.700000
121.260000 583.700000
121.260000 583.700000
121.260000 583.700000
121.260000 583.700000
121.260000 583.700000
121.260000 583.700000
121.260000 583.700000
121.260000 583.700000
121.260000 583.700000
121.260000 583.700000
121.260000 583.700000
121.260000 583.700000
121.260000 583.700000
121.260000 583.700000
121.260000 583.700000
121.260000 583.700000
121.260000 583.700000
121.260000 583.700000
121.260000 583.700000
121.260000 583.700000
121.260000 583.780000
121.260000 583.780000
121.260000 584.030000
121.260000 584.020000
121.260000 584.020000
121.260000 584.020000
121.260000 584.020000
121.260000 584.020000
121.260000 584.020000
121.260000 584.020000
121.260000 584.020000
121.260000 584.020000
121.260000 584.020000
121.260000 584.020000
121.260000 584.020000
121.260000 584.020000
121.260000 584.020000
121.260000 584.020000
121.260000 584.020000
121.260000 584.020000
121.260000 584.020000
121.260000 584.020000
121.260000 584.020000
121.260000 584.020000
121.260000 584.020000
121.260000 584.020000
121.260000 584.020000
121.260000 584.020000
121.260000 584.020000
121.260000 584.020000
121.260000 584.020000
121.260000 584.020000
121.260000 584.020000
121.260000 584.020000
121.260000 584.020000
121.260000 584.020000
121.260000 584.020000
121.260000 584.020000
121.260000 584.020000
121.260000 584.020000
121.260000 584.020000
121.260000 584.020000
121.260000 584.020000
121.260000 584.020000
121.260000 584.020000
121.260000 584.020000
121.260000 584.020000
121.260000 584.020000
121.260000 584.020000
121.260000 584.020000
121.260000 584.020000
121.260000 584.020000
121.260000 584.020000
121.260000 584.020000
121.260000 584.020000
121.260000 584.020000
121.260000 584.020000
121.260000 584.020000
121.260000 584.020000
121.260000 584.020000
121.260000 584.020000
121.260000 584.020000
121.260000 584.020000
121.260000 584.020000
121.260000 584.020000
121.260000 584.020000
121.260000 584.020000
121.260000 584.020000
121.260000 584.020000
121.260000 584.020000
121.260000 584.020000
121.260000 584.020000
121.260000 584.020000
121.260000 584.020000
121.260000 584.020000
121.260000 584.020000
121.260000 584.020000
121.260000 584.020000
121.260000 584.020000
121.260000 584.020000
121.260000 584.020000
121.260000 584.020000
121.260000 584.020000
121.260000 584.020000
121.260000 584.020000
121.260000 584.020000
121.260000 584.020000
121.260000 584.020000
121.260000 584.020000
121.260000 584.020000
121.260000 584.020000
121.260000 584.020000
121.260000 584.020000
121.260000 584.020000
121.260000 584.020000
121.260000 584.020000
121.230000 584.020000
121.230000 584.020000
121.230000 584.020000
121.230000 584.020000
121.230000 584.020000
121.230000 584.020000
121.230000 584.020000
121.230000 584.020000
121.230000 584.020000
121.230000 584.020000
121.230000 584.020000
121.230000 584.020000
121.230000 584.020000
121.230000 584.020000
121.230000 584.020000
121.230000 584.020000
121.230000 584.020000
121.230000 584.020000
121.230000 584.020000
121.230000 584.020000
121.230000 584.020000
121.230000 584.020000
121.230000 584.020000
121.230000 584.020000
121.230000 584.020000
121.230000 584.020000
121.230000 584.020000
121.230000 584.020000
121.230000 584.020000
121.230000 584.020000
121.230000 584.020000
121.230000 584.030000
121.230000 584.020000
121.230000 584.020000
121.230000 584.020000
121.230000 584.020000
121.230000 584.020000
121.230000 584.020000
121.230000 584.020000
121.230000 584.020000
121.230000 584.020000
121.230000 584.020000
121.230000 584.020000
121.230000 584.020000
121.230000 584.020000
121.230000 584.020000
121.230000 584.020000
121.230000 584.020000
121.230000 584.020000
121.230000 584.020000
121.230000 584.060000
121.230000 584.060000
121.230000 584.080000
121.230000 584.260000
121.230000 584.250000
121.230000 584.350000
121.230000 584.410000
121.230000 584.390000
121.230000 584.350000
121.230000 584.350000
121.230000 584.100000
121.230000 584.100000
121.230000 584.090000
121.230000 584.210000
121.230000 584.210000
121.230000 584.190000
121.230000 584.330000
121.230000 584.330000
121.230000 584.330000
121.230000 584.120000
121.230000 584.290000
121.230000 584.120000
121.230000 584.200000
121.230000 584.140000
121.230000 584.120000
121.230000 584.120000
121.230000 584.120000
121.230000 584.120000
121.230000 584.120000
121.230000 584.120000
121.230000 584.120000
121.230000 584.120000
121.230000 584.120000
121.230000 584.150000
121.230000 584.150000
121.230000 584.150000
121.230000 584.150000
121.230000 584.150000
121.230000 584.150000
121.230000 584.150000
121.230000 584.150000
121.230000 584.150000
121.230000 584.150000
121.230000 584.150000
121.230000 584.150000
121.230000 584.150000
121.230000 584.150000
121.230000 584.150000
121.230000 584.160000
121.230000 584.310000
121.230000 584.320000
121.230000 584.330000
121.230000 584.330000
121.230000 584.330000
121.230000 584.330000
121.230000 584.330000
121.230000 584.350000
121.230000 584.350000
121.230000 584.640000
121.230000 584.330000
121.230000 584.340000
121.230000 584.480000
121.230000 584.480000
121.230000 584.630000
121.230000 584.630000
121.230000 584.600000
121.230000 584.600000
121.230000 584.210000
121.230000 584.310000
121.230000 584.310000
121.230000 584.310000
121.230000 584.310000
121.230000 584.310000
121.230000 584.300000
121.230000 584.300000
121.230000 584.300000
121.230000 584.280000
121.230000 584.320000
121.230000 584.320000
121.230000 584.320000
121.230000 584.390000
121.230000 584.390000
121.230000 584.410000
121.230000 584.570000
121.230000 584.570000
121.230000 584.430000
121.230000 584.430000
121.230000 584.430000
121.230000 584.460000
121.230000 584.420000
121.230000 584.250000
121.230000 584.240000
121.230000 584.240000
121.230000 584.370000
121.230000 584.600000
121.230000 584.600000
121.230000 584.790000
121.230000 584.790000
121.230000 584.790000
121.230000 584.790000
121.230000 584.790000
121.230000 584.790000
121.230000 584.790000
121.230000 584.810000
121.230000 584.840000
121.230000 584.910000
121.230000 584.530000
121.230000 584.530000
121.230000 584.580000
121.230000 584.630000
121.230000 584.630000
121.230000 584.630000
121.230000 584.640000
121.230000 584.510000
121.230000 584.440000
121.230000 584.460000
121.230000 584.460000
121.230000 584.460000
121.230000 584.460000
121.230000 584.450000
121.230000 584.450000
121.230000 584.450000
121.230000 584.440000
121.230000 584.440000
121.230000 584.440000
121.230000 584.440000
121.230000 584.440000
121.230000 584.320000
121.230000 584.320000
121.230000 584.320000
121.230000 584.320000
121.230000 584.320000
121.230000 584.320000
121.230000 584.320000
121.230000 584.320000
121.230000 584.320000
121.230000 584.320000
121.230000 584.320000
121.230000 584.410000
121.230000 584.410000
121.230000 584.580000
121.230000 584.320000
121.230000 584.560000
121.230000 584.560000
121.230000 584.690000
121.230000 584.690000
121.230000 584.690000
121.230000 584.690000
121.230000 584.690000
121.230000 584.690000
121.230000 584.690000
121.230000 584.690000
121.230000 584.690000
121.230000 584.690000
121.230000 584.690000
121.230000 584.690000
121.230000 584.690000
121.230000 584.690000
121.230000 584.690000
121.230000 584.690000
121.230000 584.690000
121.230000 584.690000
121.230000 584.690000
121.230000 584.690000
121.230000 584.690000
121.230000 584.690000
121.230000 584.690000
121.230000 584.690000
121.230000 584.690000
121.230000 584.690000
121.230000 584.690000
121.230000 584.690000
121.230000 584.690000
121.230000 584.690000
121.230000 584.690000
121.230000 584.690000
121.230000 584.690000
121.230000 584.690000
121.230000 584.690000
121.230000 584.690000
121.230000 584.690000
121.230000 584.690000
121.230000 584.690000
121.230000 584.690000
121.230000 584.690000
121.230000 584.690000
121.230000 584.690000
121.230000 584.690000
121.230000 584.690000
121.230000 584.690000
121.230000 584.690000
121.230000 584.690000
121.230000 584.690000
121.230000 584.690000
121.230000 584.690000
121.230000 584.690000
121.230000 584.690000
121.230000 584.690000
121.230000 584.690000
121.230000 584.690000
121.230000 584.690000
121.230000 584.690000
121.230000 584.690000
121.230000 584.690000
121.230000 584.690000
121.230000 584.690000
121.230000 584.690000
121.230000 584.690000
121.230000 584.690000
121.230000 584.690000
121.230000 584.690000
121.230000 584.690000
121.230000 584.690000
121.230000 584.690000
121.230000 584.690000
121.230000 584.690000
121.230000 584.690000
121.230000 584.690000
121.230000 584.690000
121.230000 584.690000
121.230000 584.690000
121.230000 584.690000
121.230000 584.690000
121.230000 584.690000
121.230000 584.690000
121.230000 584.690000
121.230000 584.690000
121.230000 584.690000
121.230000 584.690000
121.230000 584.690000
121.230000 584.690000
121.230000 584.690000
121.230000 584.690000
121.230000 584.690000
121.230000 584.690000
121.230000 584.690000
121.230000 584.690000
121.230000 584.690000
121.230000 584.690000
121.230000 584.690000
121.230000 584.690000
121.230000 584.690000
121.230000 584.690000
121.230000 584.690000
121.230000 584.690000
121.230000 584.690000
121.230000 584.690000
121.230000 584.690000
121.230000 584.690000
121.230000 584.690000
121.230000 584.690000
121.230000 584.690000
121.230000 584.690000
121.230000 584.690000
121.230000 584.690000
121.230000 584.690000
121.230000 584.690000
121.230000 584.690000
121.230000 584.690000
121.230000 584.690000
121.230000 584.690000
121.230000 584.690000
121.230000 584.690000
121.230000 584.690000
121.230000 584.690000
121.230000 584.690000
121.230000 584.690000
121.230000 584.690000
121.230000 584.690000
121.230000 584.690000
121.230000 584.690000
121.230000 584.690000
121.230000 584.690000
121.230000 584.690000
121.230000 584.690000
121.230000 584.690000
121.230000 584.690000
121.230000 584.690000
121.230000 584.690000
121.230000 584.690000
121.230000 584.690000
121.230000 584.690000
121.230000 584.690000
121.230000 584.690000
121.230000 584.690000
121.230000 584.690000
121.230000 584.690000
121.230000 584.690000
121.230000 584.690000
121.230000 584.690000
121.230000 584.690000
121.230000 584.690000
121.230000 584.690000
121.230000 584.690000
121.230000 584.690000
121.230000 584.690000
121.230000 584.690000
121.230000 584.690000
121.230000 584.690000
121.230000 584.690000
121.230000 584.690000
121.230000 584.690000
121.230000 584.690000
121.230000 584.690000
121.230000 584.690000
121.230000 584.690000
121.230000 584.690000
121.230000 584.690000
121.230000 584.690000
121.230000 584.690000
121.230000 584.690000
121.230000 584.690000
121.230000 584.690000
121.230000 584.690000
121.230000 584.690000
121.230000 584.690000
121.230000 584.690000
121.230000 584.690000
121.230000 584.690000
121.230000 584.690000
121.230000 584.690000
121.230000 584.690000
121.230000 584.690000
121.230000 584.690000
121.230000 584.690000
121.230000 584.690000
121.230000 584.690000
121.230000 584.690000
121.230000 584.690000
121.230000 584.690000
121.230000 584.690000
121.230000 584.690000
121.230000 584.690000
121.230000 584.690000
121.230000 584.690000
121.230000 584.690000
121.230000 584.690000
121.230000 584.690000
121.230000 584.690000
121.230000 584.690000
121.230000 584.690000
121.230000 584.690000
121.230000 584.690000
121.230000 584.690000
121.230000 584.690000
121.230000 584.690000
121.230000 584.690000
121.230000 584.690000
121.230000 584.690000
121.230000 584.690000
121.230000 584.690000
121.230000 584.690000
121.230000 584.690000
121.230000 584.690000
121.230000 584.690000
121.230000 584.690000
121.230000 584.690000
121.230000 584.690000
121.230000 584.690000
121.230000 584.690000
121.230000 584.690000
121.230000 584.690000
121.230000 584.690000
121.230000 584.690000
121.230000 584.690000
121.230000 584.690000
121.230000 584.690000
121.230000 584.690000
121.230000 584.690000
121.230000 584.690000
121.230000 584.690000
121.230000 584.690000
121.230000 584.690000
121.230000 584.690000
121.230000 584.690000
121.230000 584.690000
121.230000 584.690000
121.230000 584.690000
121.230000 584.690000
121.230000 584.690000
121.230000 584.690000
121.230000 584.690000
121.230000 584.690000
121.230000 584.690000
121.230000 584.690000
121.230000 584.690000
121.230000 584.690000
121.230000 584.690000
121.230000 584.690000
121.230000 584.690000
121.230000 584.690000
121.230000 584.690000
121.230000 584.690000
121.230000 584.690000
121.230000 584.690000
121.230000 584.690000
121.230000 584.690000
121.230000 584.690000
121.230000 584.690000
121.230000 584.690000
121.230000 584.690000
121.230000 584.690000
121.230000 584.690000
121.230000 584.690000
121.230000 584.690000
121.230000 584.690000
121.230000 584.690000
121.230000 584.690000
121.230000 584.690000
121.230000 584.690000
121.230000 584.690000
121.230000 584.690000
121.230000 584.690000
121.230000 584.690000
121.230000 584.690000
121.230000 584.690000
121.230000 584.690000
121.230000 584.690000
121.230000 584.690000
121.230000 584.690000
121.230000 584.690000
121.230000 584.690000
121.230000 584.690000
121.230000 584.690000
121.230000 584.690000
121.230000 584.690000
121.230000 584.690000
121.230000 584.690000
121.230000 584.690000
121.230000 584.690000
121.230000 584.690000
121.230000 584.690000
121.230000 584.690000
121.230000 584.690000
121.230000 584.690000
121.230000 584.690000
121.230000 584.690000
121.230000 584.690000
121.230000 584.690000
121.230000 584.690000
121.230000 584.690000
121.230000 584.690000
121.230000 584.690000
121.230000 584.690000
121.230000 584.690000
121.230000 584.690000
121.230000 584.690000
121.230000 584.690000
121.230000 584.690000
121.230000 584.690000
121.230000 584.690000
121.230000 584.690000
121.230000 584.690000
121.230000 584.690000
121.230000 584.690000
121.230000 584.690000
121.230000 584.690000
121.230000 584.690000
121.230000 584.690000
121.230000 584.690000
121.230000 584.690000
121.230000 584.690000
121.230000 584.690000
121.230000 584.690000
121.230000 584.690000
121.230000 584.690000
121.230000 584.690000
121.230000 584.690000
121.230000 584.690000
121.230000 584.690000
121.230000 584.690000
121.230000 584.690000
121.230000 584.690000
121.230000 584.690000
121.230000 584.690000
121.230000 584.690000
121.230000 584.690000
121.230000 584.690000
121.230000 584.690000
121.230000 584.690000
121.230000 584.690000
121.230000 584.690000
121.230000 584.690000
121.230000 584.690000
121.230000 584.690000
121.230000 584.690000
121.230000 584.690000
121.230000 584.690000
121.230000 584.690000
121.230000 584.690000
121.230000 584.690000
121.230000 584.690000
121.230000 584.690000
121.230000 584.690000
121.230000 584.690000
121.230000 584.690000
121.230000 584.690000
121.230000 584.690000
121.230000 584.690000
