585.500000 583.820000
585.010000 583.860000
585.010000 583.860000
585.010000 583.860000
584.630000 583.860000
584.370000 583.860000
584.370000 583.990000
584.370000 583.990000
584.820000 584.670000
584.200000 583.960000
584.100000 583.890000
584.090000 583.970000
585.310000 585.170000
584.690000 584.400000
584.330000 584.090000
583.920000 583.540000
583.480000 583.410000
583.440000 583.430000
583.440000 584.020000
583.140000 584.020000
583.140000 584.020000
583.140000 584.020000
583.140000 584.020000
583.140000 584.020000
583.140000 584.210000
583.140000 584.340000
583.140000 584.630000
583.140000 584.690000
583.140000 584.690000
583.140000 584.690000
583.140000 584.690000
583.140000 584.690000
583.140000 584.690000
583.140000 584.690000
583.140000 584.690000
583.140000 584.690000
583.140000 584.690000
583.140000 584.690000
583.140000 584.690000
583.140000 584.690000
583.140000 584.690000
