1246080 B 100 555.000000
1250816 B 15 475.000000
1226880 B 25 480.000000
2775936 S 100 672.000000
2775040 S 3 622.480000
2774912 S 200 620.000000
2774400 S 16 605.000000
2185856 S 2 600.000000
446196352 S 200 599.500000
1231360 S 2 675.000000
1229952 S 3 650.000000
1240960 S 15 606.000000
3195904 S 50 600.000000
1343232 S 5 600.000000
479567745 B 100 583.810000
2456833 B 10 345.000000
2775169 B 3 480.000000
2774401 B 50 531.000000
202370817 B 2 550.000000
478813441 B 10 570.000000
243541633 B 23 577.750000
1247745 B 50 450.000000
3390593 B 15 475.000000
1190785 B 5 525.000000
451890945 S 100 583.730000
458763777 S 5 600.000000
2775937 S 41 672.000000
2054401 S 15 625.000000
2774913 S 27 620.000000
4276865 S 10 609.870000
8265985 S 5 605.000000
2054273 S 1 600.000000
2055041 S 7 600.000000
2773889 S 25 599.000000
3389697 S 10 669.000000
1233921 S 90 606.000000
451978626 B 100 581.550000
2085506 B 100 457.500000
2775170 B 10 480.000000
2775042 B 100 481.310000
2774402 B 200 531.000000
1234946 B 10 370.000000
1216898 B 50 450.000000
1244034 B 10 555.000000
443250306 B 100 568.320000
478810114 S 50 700.000000
1342850 S 30 700.000000
2039426 S 10 700.000000
2775938 S 10 672.000000
1340674 S 200 650.000000
3444866 S 200 625.000000
1199874 S 35 625.000000
478981122 S 200 620.000000
1220866 S 8 605.000000
2450690 S 250 600.000000
2773890 S 15 599.000000
2775683 B 500 459.000000
2775171 B 10 480.000000
2774403 B 1000 531.000000
39406467 B 100 538.560000
1188355 B 10 450.000000
1250435 B 6 450.000000
1230979 B 10 475.000000
1242627 B 120 480.000000
440578307 S 10 583.530000
2776195 S 5 779.210000
478812291 S 50 600.000000
2773891 S 3 599.000000
1340675 S 100 650.000000
1216771 S 5 604.000000
3444739 S 15 620.000000
3389699 S 1 640.000000
3389571 S 17 679.000000
1253891 S 10 600.000000
1340803 S 294 599.000000
453820932 B 11 583.270000
2775172 B 100 480.000000
1343236 B 5 561.110000
1392516 B 50 492.100000
39406468 B 100 538.560000
1249668 B 25 432.560000
1342980 B 9 510.000000
480455428 B 100 579.820000
2774916 S 10 620.000000
10981764 S 100 700.000000
3444740 S 50 651.000000
3389572 S 15 649.000000
1247236 S 20 640.000000
3390596 S 45 625.000000
2053764 S 10 625.000000
66545412 S 100 605.000000
3957764 S 20 600.000000
451221765 B 9 583.210000
10960645 B 100 511.650000
1214213 B 2 450.000000
1230725 B 3 451.000000
39406341 B 100 538.560000
1222149 B 50 555.000000
449612677 S 12 584.170000
478981125 S 200 620.000000
443805445 S 10 583.860000
2774917 S 15 620.000000
2451717 S 2 624.000000
1340677 S 100 700.000000
1224453 S 5 650.000000
448456838 B 100 582.740000
2775174 B 10 480.000000
1236230 B 10 450.000000
2048646 B 35 530.000000
1207174 B 12 535.000000
1221510 B 20 480.000000
452502918 S 100 584.130000
1221638 S 40 625.000000
2774918 S 70 620.000000
1234822 S 25 605.000000
478811526 S 42 600.000000
478810503 B 5 444.000000
2215687 B 10 512.000000
1208583 B 7 432.000000
1217543 B 12 450.000000
1220743 B 100 455.630000
478812551 S 20 640.000000
1217415 S 5 625.000000
1248519 S 2 624.000000
2774919 S 10 620.000000
1236615 S 15 604.000000
2053895 S 60 600.000000
478812167 S 50 600.000000
450536968 B 100 581.740000
458803720 B 3 549.500000
1247752 B 10 510.000000
3390088 B 1000 0.010000
1227016 B 8 375.000000
3444744 B 160 440.000000
1226888 B 20 480.000000
1228296 B 100 480.000000
448773768 S 100 584.180000
2776200 S 10 791.220000
2775688 S 1 648.480000
2050440 S 32 625.000000
2774920 S 20 620.000000
1221640 S 58 605.000000
1252360 S 200 600.000000
1342984 S 75 600.000000
2053128 S 6 600.000000
459292680 S 25 600.000000
3389448 S 30 683.750000
475991561 B 102 584.190000
2175881 B 3 440.000000
11108745 B 50 440.000000
1245705 B 22 450.100000
1231881 B 20 505.000000
1221513 B 20 480.150000
455345161 S 11 584.020000
478810121 S 20 625.000000
478981129 S 200 620.000000
3390601 S 250 620.000000
3195145 S 17 644.000000
1167625 S 7 607.000000
117444105 S 50 588.880000
478812682 B 25 447.930000
1221898 B 10 480.000000
478812042 B 15 506.000000
1236490 B 40 510.000000
39406346 B 100 538.560000
480455434 B 100 579.810000
458777610 S 300 601.000000
5733130 S 21 748.880000
2775690 S 1 649.000000
2090634 S 200 600.000000
1241354 S 50 764.000000
1244042 S 1 612.000000
1245450 S 5 605.000000
864010 S 1 619.200000
1230091 B 5 459.000000
1220875 B 10 480.000000
39406347 B 100 538.560000
480792331 S 290 583.670000
2775947 S 9 675.000000
2775691 S 500 649.000000
1221643 S 7 675.000000
2473355 S 7 645.000000
1246859 S 200 640.000000
2101899 S 75 630.000000
1245963 S 70 618.000000
1340683 S 175 606.000000
1221899 S 10 605.000000
1238027 S 2 600.000000
2053899 S 25 600.000000
2207371 S 15 600.000000
3389579 S 10 640.000000
3390603 S 103 640.000000
478810508 B 100 440.000000
1221900 B 100 530.000000
1163532 B 1 1.000000
274207884 B 79 570.000000
475921420 S 100 584.210000
478810764 S 7 600.000000
478981132 S 100 600.000000
2775948 S 6 675.000000
2775692 S 10 649.000000
1232012 S 30 599.500000
1342860 S 7 700.000000
1343244 S 9 630.000000
2070156 S 5 612.000000
1192076 S 4 625.000000
3957772 S 25 600.000000
3103372 S 186 600.000000
3761420 S 30 620.000000
1340684 S 300 600.000000
452502925 B 100 583.470000
478810509 B 1 550.000000
450188301 B 100 583.370000
1235469 B 5 420.000000
1252109 B 6 450.000000
1221517 B 10 480.150000
39406221 B 100 538.560000
39406477 B 100 538.560000
446196365 S 200 615.500000
458776333 S 30 600.000000
2775949 S 1 675.000000
2775693 S 5 649.000000
432056077 S 1000 599.500000
355922701 S 5 598.800000
10968973 S 100 625.000000
2177293 S 2 600.000000
1215501 S 2 649.000000
1221773 S 40 625.000000
3390605 S 4 640.000000
1234061 S 40 600.000000
478583566 B 300 582.620000
478812046 B 10 520.000000
1248526 B 20 450.000000
2085902 B 1 480.000000
3389454 B 10 1.500000
478811022 S 24 600.000000
446196366 S 200 617.500000
432031886 S 100 601.000000
1342862 S 15 675.000000
1248398 S 4 645.000000
2054286 S 3 630.000000
2040334 S 5 612.000000
3389838 S 31 620.000000
3761806 S 22 605.000000
864014 S 3 604.000000
445447311 B 86 583.330000
2086927 B 10 401.000000
2220431 B 15 445.000000
2069135 B 25 480.000000
3390351 B 50 475.000000
480536463 B 100 579.750000
448068879 B 100 582.240000
433526927 S 100 584.540000
1223951 S 50 675.000000
2775951 S 5 675.000000
10982031 S 100 625.000000
3389455 S 150 611.000000
3389711 S 18 620.000000
3389839 S 126 620.000000
1248783 S 10 600.000000
1340687 S 100 600.000000
2051343 S 2000 600.000000
454664464 B 9 583.380000
459291920 B 1 570.000000
445047568 B 11 583.240000
1235344 B 1 450.000000
1222672 B 12 432.000000
1222160 B 25 480.000000
444640016 S 100 584.160000
11106320 S 50 684.000000
2775952 S 2 675.000000
2775056 S 7 624.000000
1246864 S 5 700.000000
1243536 S 10 605.000000
1221648 S 50 623.400000
3444880 S 90 600.000000
3106320 S 186 605.000000
3389712 S 12 624.000000
1240080 S 10 600.000000
478264720 S 100 584.900000
447734673 B 100 583.570000
1253137 B 10 530.000000
1241233 B 10 480.000000
1234193 B 100 375.000000
3390481 B 10 475.000000
1204881 B 7 450.000000
454513553 B 11 583.310000
447903505 S 7 583.730000
480908561 S 10 606.000000
478810769 S 5 600.000000
1342865 S 20 700.000000
2775953 S 10 675.000000
1340817 S 150 645.000000
1222161 S 5 624.000000
2775057 S 500 624.000000
3389841 S 63 620.000000
1236625 S 10 605.000000
3444881 S 13 604.500000
1239825 S 4 604.000000
1342993 S 11 600.000000
1343249 S 10 600.000000
2055441 S 1 600.000000
2058129 S 10 600.000000
454589841 S 100 583.900000
444223634 B 100 582.780000
39406354 B 100 538.560000
1208466 B 4 432.000000
1227154 B 20 480.000000
448769426 S 100 585.030000
477609234 S 100 585.560000
444111122 S 12 584.150000
2775954 S 60 675.000000
2775058 S 25 624.000000
1234962 S 8 695.000000
2149650 S 125 630.000000
2048530 S 1 620.000000
1239442 S 7 605.000000
1214866 S 15 680.010000
3444882 S 100 600.000000
1342866 S 5 600.000000
1231762 S 3 599.120000
445165843 B 100 581.700000
2622483 B 10 1.000000
1235475 B 22 450.000000
1241747 B 2 480.000000
1220883 B 5 480.000000
39406355 B 100 538.560000
2775955 S 15 675.000000
2053907 S 2 650.000000
2054547 S 5 625.000000
2054419 S 2 600.000000
2221459 S 200 600.000000
478810387 S 25 600.000000
1234451 S 50 683.230000
1237907 S 10 675.000000
1247379 S 10 650.000000
3389843 S 109 620.000000
1191571 S 10 607.000000
1240083 S 50 605.000000
465450644 B 69 584.690000
2542996 B 1 0.100000
2775956 B 1 433.010000
85420180 B 150 510.000000
2773908 B 50 559.000000
242407828 B 200 570.980000
1232404 B 5 540.100000
480455444 B 100 579.800000
448343188 S 100 583.770000
446196372 S 200 627.500000
2776084 S 180 700.000000
2775316 S 5 630.000000
2775060 S 10 624.000000
1343252 S 5 605.000000
3444884 S 90 600.000000
1342996 S 25 600.000000
2775445 B 10 473.020000
2083861 B 50 555.000000
1251221 B 10 450.000000
1232405 B 10 540.100000
1239317 B 45 445.990000
1236117 B 5 480.000000
1238165 B 50 480.000000
1226901 B 1 480.000000
1227669 B 10 480.000000
450952725 S 15 583.700000
2776085 S 50 700.000000
2775317 S 25 630.000000
2775061 S 4 624.000000
478812309 S 2 620.000000
2774421 S 10 606.000000
2773781 S 12 595.000000
1253141 S 50 700.000000
1234581 S 45 692.000000
1242517 S 18 669.600000
1342997 S 2 650.000000
2050581 S 50 650.000000
2053653 S 10 625.000000
2054421 S 1 625.000000
3389845 S 161 620.000000
1207061 S 18 611.000000
3957653 S 50 600.000000
3957781 S 10 600.000000
1244181 S 5 600.000000
1343253 S 30 593.950000
2775958 B 25 433.000000
2052886 B 10 528.280000
1343126 B 10 475.000000
1230742 B 10 475.000000
1216662 B 5 450.000000
1231254 B 15 524.000000
459291926 S 10 600.000000
2776086 S 6 700.000000
1251990 S 2 650.000000
1241494 S 1 640.000000
2775446 S 100 633.690000
2775318 S 5 630.000000
2775062 S 100 624.000000
2053398 S 26 620.000000
2053782 S 50 620.000000
5413398 S 20 605.880000
1240342 S 6 605.000000
1254038 S 100 600.000000
2773782 S 4 595.000000
3389846 S 50 620.000000
3195158 S 40 695.000000
3957782 S 10 600.000000
441329815 B 100 582.280000
3893143 B 20 568.500000
2776215 B 50 215.000000
1246231 B 50 370.000000
1208599 B 6 432.000000
1246615 B 25 450.000000
1249047 B 15 510.000000
1234199 B 7 535.000000
478810647 S 6 600.000000
2052887 S 20 700.000000
2776087 S 5 700.000000
2053399 S 7 625.000000
2774423 S 10 606.000000
2051351 S 2500 600.000000
2773911 S 20 599.500000
2773783 S 32 595.000000
1232663 S 22 650.000000
1251991 S 50 650.000000
1191959 S 5 625.000000
1253527 S 5 605.000000
1342999 S 3 605.000000
3957783 S 10 600.000000
1254807 S 20 600.000000
3760919 S 40 599.000000
3104151 S 186 600.000000
3708439 S 100 620.000000
3102743 S 30 600.000000
449652120 B 9 583.440000
1187352 B 50 450.000000
1236504 B 5 518.600000
454628760 S 9 583.950000
2776088 S 10 700.000000
1240984 S 9 686.000000
4823320 S 70 640.000000
2089880 S 25 630.000000
2775320 S 362 630.000000
2775064 S 33 624.000000
3389848 S 1 620.000000
1248920 S 65 600.000000
2773784 S 3 595.000000
444929561 B 4 583.410000
7431705 B 65 572.000000
2451609 B 200 458.250000
39406233 B 100 538.560000
1227161 B 3 430.000000
439878425 S 9 583.540000
451643929 S 2 601.290000
2776217 S 23 938.700000
2776089 S 9 700.000000
2775321 S 1 630.000000
2774425 S 50 606.100000
2773785 S 22 595.000000
1251225 S 10 650.000000
2054169 S 8 625.000000
3957785 S 20 605.000000
1340697 S 100 600.000000
2141081 S 2000 600.000000
2338585 S 283 600.000000
2450713 S 130 600.000000
443023257 S 100 584.920000
445066521 S 100 584.660000
1213978 B 10 431.000000
1221018 B 15 480.000000
1231386 B 20 511.010000
3390618 B 10 475.000000
39406234 B 100 538.560000
39406362 B 100 538.560000
444245146 S 99 583.980000
478795162 S 20 600.000000
478811674 S 34 600.000000
441695770 S 100 584.510000
2773786 S 10 595.000000
2776090 S 9 700.000000
2775962 S 100 675.950000
2775322 S 15 630.000000
2054426 S 50 650.000000
1247130 S 4 605.850000
1240858 S 45 600.000000
1222298 S 25 605.000000
1215386 S 5 629.750000
3957786 S 25 600.000000
3390490 S 8 647.770000
2311067 B 6 572.000000
2775963 B 33 431.500000
7331995 B 20 572.000000
1232027 B 25 531.000000
1248155 B 100 450.000000
1237787 B 10 480.000000
1222299 B 1000 414.000000
477420315 S 1100 586.040000
478813467 S 6 600.000000
478981147 S 123 598.000000
2776091 S 110 700.000000
2055451 S 3 600.000000
1243675 S 10 977.770000
1343003 S 13 605.000000
1236635 S 500 604.480000
3444891 S 90 600.000000
3389851 S 100 620.000000
3389595 S 20 684.850000
2773787 S 26 595.000000
454756892 B 100 583.660000
2451868 B 10 480.000000
2774428 B 50 525.110000
1227676 B 6 475.000000
1230876 B 50 475.000000
2197148 B 20 555.000000
2773916 B 9 555.000000
448039708 B 100 581.570000
448343196 S 100 583.770000
478810396 S 200 600.000000
2776092 S 100 700.000000
2775964 S 4 676.000000
2775324 S 37 630.000000
2053788 S 2 612.000000
2055580 S 8 600.000000
2773788 S 25 595.000000
1232924 S 2 650.000000
3390620 S 10 640.000000
1207068 S 10 624.000000
1253276 S 25 600.400000
1239068 S 80 600.000000
1251484 S 100 600.000000
449068701 B 100 583.720000
459292573 B 23 570.000000
452292765 B 12 583.300000
453991837 B 7 583.320000
453527709 B 7 583.410000
444245149 B 4 583.640000
2773917 B 15 555.000000
4757021 B 4 415.000000
448343197 S 100 583.770000
478810141 S 20 640.000000
458768669 S 40 600.000000
478812061 S 5 600.000000
5790621 S 44 748.880000
2776093 S 6 700.000000
2052509 S 10 650.000000
2775325 S 10 630.000000
864029 S 3 700.000000
3444893 S 12 640.000000
3390493 S 50 700.000000
2773789 S 20 595.000000
2582686 B 15 415.000000
2775710 B 25 453.850000
2773918 B 10 555.000000
1234206 B 10 501.200000
39406366 B 100 538.560000
440693278 S 4 583.480000
2776094 S 5 700.000000
2775966 S 100 676.000000
2775326 S 200 630.000000
2047646 S 15 620.000000
2040478 S 5 600.000000
3760926 S 25 599.000000
1231646 S 5 649.000000
1199390 S 10 625.000000
1215774 S 100 625.000000
1343006 S 51 605.000000
3957790 S 5 601.000000
1253918 S 2 600.000000
2773790 S 23 595.000000
444640030 S 100 584.160000
454699935 B 100 583.360000
478811807 B 100 480.000000
444104991 B 100 581.990000
442222751 B 100 582.220000
2775967 B 40 431.240000
328568095 B 40 580.030000
1250207 B 1 1.000000
1217311 B 25 432.000000
1230879 B 2 475.000000
1223583 B 1 480.000000
39406239 B 100 538.560000
448343199 S 100 583.770000
478812063 S 15 600.000000
444446111 S 100 584.840000
1232415 S 2 592.000000
2776095 S 200 700.000000
2055071 S 4 650.000000
2083359 S 2 600.000000
1231903 S 5 605.000000
3189663 S 80 599.000000
3389855 S 35 644.690000
2773791 S 30 595.000000
445189920 B 4 583.190000
1235360 B 25 450.000000
1234080 B 15 531.000000
1221024 B 5 480.000000
446736032 B 5 582.950000
448343200 S 100 583.770000
2052896 S 6 625.000000
2451616 S 5 600.000000
2773792 S 50 595.000000
1252512 S 25 684.000000
1229600 S 100 650.000000
1511328 S 10 632.980000
1245216 S 28 624.000000
6929440 S 63 612.000000
3444896 S 56 600.000000
3389856 S 174 620.000000
1242272 S 10 600.000000
1230753 B 30 475.000000
1250081 B 51 533.000000
448343201 S 100 583.770000
444501153 S 144 584.230000
1231777 S 10 650.000000
2052897 S 45 645.000000
2775329 S 100 630.000000
2062369 S 20 612.000000
1342881 S 10 600.000000
1215777 S 5 675.000000
3957665 S 32 608.980000
3143841 S 9 595.000000
3444897 S 238 620.000000
2773793 S 13 595.000000
441877410 B 100 583.250000
1247266 B 6 450.000000
1215778 B 5 437.000000
3390114 B 50 475.000000
478813474 B 20 577.000000
469527714 B 100 578.220000
439877410 S 10 583.610000
16484002 S 70 700.000000
1432610 S 80 630.000000
2775330 S 100 630.000000
1221666 S 50 625.000000
2054050 S 10 620.000000
478795042 S 15 606.170000
458783266 S 1 605.000000
2056098 S 20 600.000000
2773794 S 6 595.000000
3390242 S 20 690.000000
448343202 S 10 583.770000
452901282 S 120 583.710000
478811299 B 5 570.000000
1210147 B 20 557.000000
39406243 B 100 538.560000
478813219 S 10 600.000000
6929827 S 12 649.000000
2052387 S 5 645.000000
1224739 S 7 622.500000
3389859 S 238 620.000000
3444899 S 55 620.000000
1240867 S 35 618.000000
2452003 S 10 613.800000
2078755 S 1 600.000000
39406372 B 100 538.560000
444707364 S 100 584.090000
1343012 S 45 700.000000
2126500 S 100 638.000000
2775332 S 9 630.000000
2052388 S 2 620.000000
1221796 S 10 605.000000
1237156 S 20 600.000000
2056612 S 30 600.000000
3444900 S 8 700.000000
477922468 S 100 585.560000
478810789 B 1 371.360000
478810277 B 10 550.000000
433017509 B 30 571.970000
1231653 B 15 447.820000
39406373 B 100 538.560000
478811429 S 2 612.000000
2773797 S 24 595.000000
2775333 S 5 630.000000
2847781 S 5 600.000000
2088485 S 5 695.000000
2152101 S 25 600.000000
1234469 S 5 649.000000
3444901 S 100 620.000000
1247141 S 30 600.000000
1250341 S 10 600.000000
1250469 S 8 600.000000
475608102 B 100 584.380000
478811814 B 12 480.000000
478811174 B 20 510.000000
450752166 B 100 583.500000
2776230 B 1000 6.400000
1247782 B 1 0.010000
1237926 B 2 430.390000
1230118 B 10 445.000000
478811046 S 12 600.000000
478810150 S 30 600.000000
2056742 S 4 650.000000
2197542 S 20 645.000000
2775334 S 5 630.000000
3389862 S 134 620.000000
2774822 S 2 618.000000
1221798 S 26 612.000000
1234086 S 100 600.000000
1238054 S 3 600.000000
1343142 S 17 600.000000
450150183 B 9 583.140000
458839847 B 40 510.000000
478810535 B 10 520.000000
478554535 B 1000 581.120000
443865383 B 100 582.460000
39406375 B 100 538.560000
446658983 S 10 583.160000
478981287 S 100 620.000000
2775335 S 15 630.000000
2774823 S 10 618.000000
2058279 S 10 600.000000
2202791 S 5 600.000000
2451623 S 20 600.000000
2773927 S 3 599.900000
2311847 S 250 595.780000
2773799 S 25 595.000000
2055847 S 30 593.950000
1239719 S 67 700.000000
1343143 S 14 700.000000
1246503 S 4 650.000000
1251239 S 13 640.000000
1191207 S 10 624.000000
1231783 S 5 624.000000
3761575 S 100 605.000000
1220263 S 10 604.000000
3444903 S 90 600.000000
4287015 S 8 598.120000
317080103 S 300 589.060000
1166888 B 26 375.000000
1225896 B 20 480.000000
70824 B 430 505.000000
907688 B 12 420.000000
442539560 S 10 583.590000
478981160 S 120 600.000000
454602280 S 100 583.890000
441329832 S 9 583.610000
3390632 S 1 640.000000
2173480 S 1000 630.000000
2775336 S 10 630.000000
1186856 S 100 625.000000
10982312 S 100 625.000000
1342888 S 1 624.000000
2056232 S 23 620.000000
2050856 S 6 618.000000
2774824 S 20 618.000000
1210152 S 25 605.000000
1225384 S 12 605.000000
3444904 S 160 600.000000
1249960 S 1 600.000000
3760168 S 10 595.000000
2773800 S 25 595.000000
448343209 B 100 583.030000
2776233 B 8 2.000000
1208489 B 3 432.000000
1238953 B 25 459.140000
452834217 S 5 583.740000
2053673 S 4 695.000000
1234089 S 26 650.000000
1247145 S 100 650.000000
1248425 S 2 640.000000
2774825 S 44 618.000000
13101481 S 11 595.100000
446716074 B 8 582.680000
2776234 B 100 1.000000
1246506 B 50 450.000000
1233834 B 4 444.000000
2775338 S 19 630.000000
2054186 S 5 625.000000
2774826 S 10 618.000000
1340842 S 100 604.000000
1343146 S 10 600.000000
2041770 S 2 600.000000
3100330 S 150 600.000000
3192746 S 100 649.000000
3444906 S 60 624.000000
1248810 S 40 599.000000
2773802 S 7 595.000000
445328427 B 8 583.040000
2776235 B 20000 0.010000
2774315 B 25 538.250000
2095275 B 100 420.000000
2053547 B 5 562.000000
39406379 B 100 538.560000
2054187 S 10 620.000000
2774827 S 25 618.000000
478810923 S 100 612.370000
2773803 S 8 595.000000
1223723 S 25 675.000000
1232043 S 17 650.000000
1343147 S 4 650.000000
67499 S 15 605.000000
1238187 S 100 600.000000
478028587 S 1700 592.900000
1242539 S 50 592.000000
446942636 B 100 582.900000
1342892 B 5 475.000000
39406252 B 100 538.560000
449106860 B 100 582.310000
454278700 S 100 583.720000
2773804 S 30 595.000000
2775340 S 22 630.000000
2774828 S 15 618.000000
1248556 S 10 600.000000
3389740 S 10 620.000000
3390380 S 10 620.000000
477670316 S 100 586.430000
458735533 B 45 570.000000
3389997 B 50 435.550000
3390509 B 5 475.000000
1231917 B 2 526.470000
39406253 B 100 538.560000
478810541 B 100 570.000000
442519341 S 9 583.520000
478811437 S 2 600.000000
410032813 S 2 588.660000
1343149 S 50 650.000000
2727853 S 10 636.500000
2775341 S 25 630.000000
2774829 S 15 618.000000
3444909 S 100 605.000000
1232301 S 44 600.000000
2054061 S 25 600.000000
2213933 S 100 600.000000
2451629 S 30 600.000000
1236653 S 15 599.000000
2773805 S 20 595.000000
449981485 S 100 583.940000
451813165 S 100 583.920000
453850925 S 100 583.880000
481552302 B 100 577.100000
2139438 B 20 468.880000
1241262 B 100 480.000000
1182510 B 50 505.000000
1189166 B 20 450.000000
1199534 B 20 450.000000
1227566 B 2 480.000000
2775342 S 20 630.000000
2774830 S 15 618.000000
458763438 S 1 600.000000
458775086 S 6 600.000000
1242926 S 5 600.000000
3957806 S 10 600.000000
3444910 S 75 620.000000
3389742 S 6 620.000000
3390127 B 10 2.000000
1343023 B 5 562.000000
1253679 S 1 650.000000
2774831 S 15 618.000000
1241263 S 10 600.000000
2052911 S 10 600.000000
2229039 S 200 600.000000
480808112 B 2000 583.210000
458803376 B 18 550.000000
478813488 B 50 550.000000
449195824 B 100 583.710000
441868848 B 26 583.230000
2775984 B 200 425.000000
2110000 B 10 440.000000
1233840 B 4 450.000000
1241776 B 1 510.000000
39406256 B 100 538.560000
4597552 S 3 620.000000
2774832 S 75000 618.000000
1204400 S 75 710.000000
6930096 S 3 700.000000
3961776 S 10 640.000000
1192112 S 4 625.000000
3444912 S 30 624.000000
3412400 S 20 620.000000
4279728 S 3 620.000000
3761456 S 100 599.000000
452370097 B 100 582.630000
2775985 B 10 425.000000
2083121 B 20 516.050000
1251121 B 50 535.000000
864305 B 2 522.500000
1233841 B 5 450.000000
1229873 B 8 475.000000
3444785 B 6 459.000000
452904625 S 11 583.760000
2048561 S 5 650.000000
2053553 S 5 650.000000
2052913 S 20 630.000000
2774833 S 50 618.000000
1244721 S 3 600.000000
1254833 S 5 600.000000
449989042 B 83 583.770000
443250354 B 100 581.160000
1237682 B 100 445.000000
2047922 B 1 473.020000
445685682 S 11 583.360000
458774834 S 140 600.000000
478811442 S 4 600.000000
2051890 S 14 625.000000
2774834 S 50 618.000000
1342898 S 10 650.000000
1343026 S 1 620.000000
6933554 S 20 617.370000
3957810 S 10 601.000000
3444786 S 22 600.000000
454872114 S 120 583.830000
448474931 B 10 583.580000
478811699 B 40 433.000000
4755123 B 1 425.000000
2775987 B 1 425.000000
2476339 B 5 572.250000
39406387 B 100 538.560000
444683955 S 10 584.130000
478981299 S 100 600.000000
2082355 S 500 630.000000
2052531 S 70 624.000000
1231667 S 10 650.000000
3444915 S 47 600.000000
1235123 S 5 600.000000
453353652 B 7 583.150000
2775988 B 25 425.000000
1208500 B 3 432.000000
39406260 B 100 538.560000
39406388 B 100 538.560000
2774964 S 200 620.000000
2774836 S 1093 618.000000
458783796 S 50 605.000000
165022260 S 4 599.970000
1343028 S 50 599.000000
3760564 S 15 599.000000
1207092 S 10 648.000000
478813493 B 50 550.000000
2775989 B 25 425.000000
1205173 B 25 473.020000
3390133 B 5 475.000000
1342901 B 2 475.000000
1242421 B 9 480.000000
1248949 B 50 530.000000
2774965 S 47 620.000000
2040117 S 40 620.000000
10980789 S 200 612.700000
2059573 S 2 600.000000
82613 S 4 700.000000
1232693 S 5 650.000000
1216053 S 75 618.000000
1226293 S 53 605.000000
1232309 S 15 600.000000
1240501 S 60 599.500000
478810550 B 12 565.880000
454532534 B 100 583.080000
2775990 B 10 425.000000
5679670 B 25 568.320000
1231030 B 5 475.000000
1220918 B 200 480.000000
3389622 B 1 450.010000
458779830 S 10 604.000000
2776118 S 10 708.560000
478811574 S 10 600.000000
2056118 S 5 600.000000
2221238 S 3 600.000000
2053430 S 25 630.000000
1343158 S 10 600.000000
2041398 S 10 600.000000
1206838 S 5 681.020000
1228854 S 21 675.000000
1221814 S 10 618.000000
3389750 S 5 640.000000
3390646 S 35 620.000000
1247030 S 31 605.000000
3957814 S 10 600.000000
1201079 B 100 450.000000
1233207 B 15 450.000000
1163959 B 11 451.000000
1237687 B 5 480.000000
445994679 S 100 583.600000
478810167 S 25 600.000000
1342903 S 20 700.000000
2775991 S 100 678.950000
2054711 S 10 645.000000
2775607 S 10 641.010000
2040119 S 1 625.000000
2774967 S 100 620.000000
1343031 S 10 600.000000
1392439 S 50 600.000000
1236663 S 10 599.000000
1239223 S 100 649.000000
1242295 S 100 611.000000
1241015 S 100 600.000000
3762359 S 64 599.500000
1159479 S 50 685.650000
1231799 S 20 605.000000
3444919 S 33 600.000000
480402744 B 100 582.850000
864312 B 1 430.000000
1217848 B 50 459.000000
2226872 B 50 486.000000
451794360 S 5 583.830000
478981304 S 127 620.000000
2776120 S 10 709.150000
2774968 S 39 620.000000
2054712 S 10 675.000000
1249720 S 10 650.000000
10981944 S 100 625.000000
2053432 S 20 620.000000
1219896 S 25 625.000000
339352888 S 4 700.000000
442515129 B 7 582.790000
1242425 B 10 450.000000
2775225 B 10 480.000000
2774969 S 100 620.000000
1236537 S 100 611.000000
3104313 S 630 600.000000
3390393 S 10 690.000000
1221689 S 4 622.480000
1234233 S 15 600.000000
455557050 B 100 583.610000
447978426 B 100 582.240000
1217850 B 10 402.000000
2775610 B 40 463.000000
1241786 B 10 480.000000
2046778 B 25 480.000000
2093754 B 1 480.000000
39406266 B 100 538.560000
479907642 S 30 630.000000
478810554 S 10 630.000000
478812090 S 50 600.000000
2180666 S 99 685.000000
2775482 S 5 636.500000
1343034 S 8 635.720000
3389626 S 4 624.000000
2050490 S 6 620.000000
2774970 S 8 620.000000
3957562 S 1 605.000000
2074554 S 12 600.000000
478795195 B 75 559.000000
444185787 B 100 583.540000
2776123 B 50 375.000000
2775227 B 100 480.000000
1220667 B 25 420.000000
1222587 B 9 445.000000
2043195 B 10 480.000000
39406395 B 100 538.560000
477670331 S 100 586.810000
2774971 S 60 620.000000
478810939 S 12 600.000000
2053947 S 1 650.000000
1342907 S 3 600.000000
2151995 S 100 600.000000
863163 S 800 620.000000
3444923 S 178 620.000000
1191611 S 43 618.000000
439515068 B 100 582.840000
1251004 B 1 0.010000
1228348 B 3 480.000000
1239228 B 100 480.000000
2775228 B 50 480.000000
2774844 B 11 490.250000
1231164 B 50 506.000000
864316 B 20 572.000000
3390268 B 3 475.000000
39406396 B 100 538.560000
477670332 S 100 587.200000
478811452 S 80 600.000000
1237948 S 2 700.000000
1244860 S 10 648.880000
5402684 S 10 640.000000
2053308 S 9 625.000000
3390524 S 310 620.000000
2774460 S 150 607.130000
1252412 S 8 600.000000
2775229 B 5 480.000000
1221565 B 10 535.000000
1230909 B 30 375.000000
1244093 B 10 444.000000
1230781 B 10 475.000000
446926525 S 100 583.270000
478812605 S 3 620.000000
458776509 S 54 600.000000
84031805 S 10 595.080000
2054717 S 7 650.000000
2774973 S 100 620.000000
908477 S 260 700.000000
1239486 B 1 1.000000
1227326 B 25 414.000000
1217854 B 2 431.000000
1245758 B 20 450.000000
1342910 B 6 475.000000
1226686 B 25 480.000000
2775230 B 100 480.000000
3389886 B 25 445.000000
3101502 B 150 510.000000
6081598 B 1 551.830000
447790910 S 100 583.770000
2775102 S 10 625.000000
2774462 S 5 607.670000
2773822 S 7 595.100000
2684862 S 14 612.000000
2039998 S 10 625.000000
2055870 S 10 600.000000
1248702 S 18 665.320000
1226430 S 3 650.000000
1254462 S 100 650.000000
1251006 S 10 640.000000
1234110 S 10 612.000000
3444798 S 22 600.000000
443052991 B 100 583.700000
478811071 B 9 458.380000
442653119 B 100 582.360000
1241791 B 1 1.000000
1186111 B 10 450.000000
1242047 B 100 480.000000
2775999 S 5 682.820000
478813119 S 70 630.000000
2774975 S 11 620.000000
5063743 S 1 640.000000
1253439 S 25 658.300000
1343039 S 14 620.000000
1241407 S 10 600.000000
478810560 B 10 562.000000
454757312 B 7 583.360000
2451904 B 25 458.250000
2775232 B 5 480.000000
445464896 S 11 583.770000
2775104 S 2 625.000000
2055616 S 50 600.000000
478810432 S 10 600.000000
1240256 S 10 700.000000
1343168 S 10 622.500000
3957696 S 20 600.000000
1224256 S 2 650.000000
444407873 B 43 584.020000
1208513 B 4 432.000000
2702657 B 570 435.500000
1230273 B 2 437.500000
864193 B 2 449.880000
1230913 B 10 475.000000
2775233 B 30 480.000000
1210177 B 72 563.660000
447734721 B 100 582.650000
444197825 B 100 583.500000
446444353 S 8 583.140000
2775489 S 50 638.000000
478811457 S 50 630.000000
2775105 S 10 625.000000
2774977 S 32 620.000000
3957825 S 4 610.010000
3762369 S 100 605.000000
1232449 S 6 600.000000
2091073 S 500 600.000000
2774209 S 6 600.000000
3444929 S 50 599.000000
447872577 S 120 583.730000
2776002 B 100 420.180000
2775234 B 36 480.000000
1252802 B 5 530.000000
39406402 B 100 538.560000
1207618 B 20 450.000000
1227330 B 6 480.000000
1171010 B 5 530.260000
446444354 S 92 583.140000
478981314 S 100 606.000000
2775490 S 50 638.000000
2775106 S 100 625.000000
3926210 S 300 611.000000
1236290 S 149 606.000000
1343170 S 10 605.000000
1253186 S 5 600.000000
1343042 S 45 600.000000
447879618 S 11 583.740000
447903298 S 100 583.680000
480826179 B 200 583.420000
441687363 B 100 581.750000
2042179 B 1 422.440000
2775619 B 10 461.990000
2775235 B 100 480.000000
1207235 B 10 525.000000
1217859 B 2 431.000000
1200451 B 2 450.000000
6929603 B 10 473.310000
448462915 S 14 584.160000
478810819 S 6 630.000000
452961603 S 100 584.470000
444309827 S 11 584.210000
2776003 S 50 685.000000
2775491 S 25 638.000000
2775107 S 111 625.000000
2258627 S 300 620.000000
2774979 S 23 620.000000
2774211 S 150 600.000000
3957699 S 20 600.000000
291552195 S 100 592.750000
478812484 B 100 480.000000
444991172 B 100 583.440000
2072004 B 50 420.000000
2775236 B 500 480.000000
1220932 B 10 444.000000
1235268 B 25 450.000000
1220804 B 7 480.000000
1221188 B 1 510.000000
448039748 B 100 582.370000
2776004 S 6 685.000000
478810564 S 30 640.000000
2775108 S 25 625.000000
478810308 S 5 625.000000
2774980 S 63 620.000000
2774212 S 50 600.000000
1234244 S 35 675.000000
1221700 S 50 625.000000
1244100 S 20 612.000000
3957700 S 10 600.000000
3390276 S 2 640.000000
1237956 S 24 600.000000
1343044 S 2 600.000000
443087429 B 4 583.680000
478981061 B 200 480.000000
2775621 B 25 461.250000
2775237 B 5 480.000000
1238085 B 1 0.100000
1230917 B 10 430.010000
1217861 B 64 430.000000
1225925 B 10 480.000000
442340165 S 50 583.500000
2776005 S 3 685.000000
2775493 S 350 638.000000
478813125 S 21 630.000000
2775109 S 100 625.000000
2774981 S 127 620.000000
479906501 S 10 620.000000
1342917 S 20 605.000000
1343045 S 57 605.000000
3390405 S 15 667.590000
3389893 S 20 620.000000
447790917 S 100 583.890000
2776006 B 20 420.000000
2775366 B 2 475.010000
2775238 B 2 480.000000
1251654 B 6 450.000000
458797254 B 18 555.000000
450958918 S 83 583.780000
10969158 S 100 625.000000
2775110 S 20 625.000000
2774982 S 100 620.000000
1239110 S 30 600.000000
1343174 S 40 650.000000
1241798 S 10 640.000000
1232454 S 9 600.000000
1225414 S 40 605.000000
3088966 S 34 600.300000
2055110 S 1 600.000000
2053958 S 8 597.500000
2776135 B 25 353.710000
2776007 B 10 420.000000
1216711 B 25 450.000000
2775367 B 7 475.010000
1239751 B 8 480.000000
2090567 B 10 480.000000
2775239 B 50 480.000000
1253191 B 5 485.150000
1343175 B 10 551.260000
3597127 B 20 510.000000
446926535 S 100 583.270000
2775495 S 20 638.000000
2775111 S 40 625.000000
478810567 S 20 625.000000
2055111 S 4 620.000000
2774215 S 9 600.020000
2054343 S 6 600.000000
1232711 S 10 649.000000
3957703 S 10 600.000000
3187527 S 100 600.000000
3389639 S 10 640.000000
3390279 S 5 620.000000
478813767 S 50 586.500000
449088840 B 100 583.550000
478813768 B 50 524.880000
445735880 B 11 582.740000
2775240 B 5 480.000000
39106504 B 100 567.520000
1187400 B 100 450.000000
1226312 B 1 473.020000
1342920 B 11 475.000000
2042184 B 1 475.000000
3390024 B 2 475.000000
1226696 B 50 480.000000
1221064 B 60 497.000000
1222216 B 100 505.000000
1250248 B 8 530.000000
39406408 B 100 538.560000
449776200 B 12 583.470000
450317512 S 100 583.920000
478810440 S 4 600.000000
2775112 S 20 625.000000
2774984 S 2 620.000000
2157512 S 7 600.000000
2205128 S 100 600.000000
1215944 S 18 629.940000
3390280 S 12 749.000000
477191496 S 100 584.950000
445884233 B 8 582.820000
2775241 B 8 480.000000
1216585 B 10 450.000000
1253961 B 10 450.000000
1217993 B 20 450.180000
1226441 B 25 473.020000
1228745 B 30 475.000000
1235273 B 20 480.000000
443965513 S 7 583.630000
478813129 S 6 630.000000
2775113 S 1 625.000000
2774985 S 20 620.000000
10960073 S 100 620.000000
2054345 S 10 630.000000
1343049 S 12 612.000000
2055113 S 4 606.000000
1239369 S 15 605.000000
1342921 S 2 600.000000
2054857 S 10 600.000000
455078601 S 100 583.970000
1235530 B 25 459.780000
2775242 B 5 480.000000
1221322 B 75 525.000000
919498 B 5 526.780000
1245386 B 16 533.000000
2775114 S 980 625.000000
2774986 S 20 620.000000
2774346 S 69 604.000000
1343050 S 3 625.000000
2050506 S 5 625.000000
1234250 S 100 605.000000
1493834 S 100 605.000000
2054858 S 1 603.270000
3761994 S 50 620.000000
3957706 S 2 601.000000
447660747 B 11 583.210000
478981067 B 100 550.000000
1242699 B 1 1.000000
2231499 B 50 486.000000
10959819 B 100 511.650000
3389515 B 10 510.000000
39406411 B 100 538.560000
478813771 S 100 584.500000
2056139 S 5 650.000000
2775115 S 39 625.000000
1246667 S 1 650.000000
1193163 S 2 607.000000
3957707 S 12 605.880000
3444811 S 4 600.000000
1234123 S 15 600.000000
452855884 B 55 583.510000
477670348 B 100 581.810000
441436876 B 9 583.010000
2775244 B 10 480.000000
453528268 B 100 583.460000
3760844 S 26 595.000000
2776012 S 200 686.150000
1343180 S 20 659.000000
1225420 S 5 650.000000
2055628 S 59 650.000000
2047180 S 6 630.000000
2054988 S 2 630.000000
2775116 S 27 625.000000
3444812 S 50 620.000000
3389900 S 150 620.000000
3957708 S 20 600.000000
1251789 B 2 475.000000
1342925 B 20 475.000000
2042189 B 3 475.000000
2775373 B 25 475.000000
1188301 B 105 475.010000
1240141 B 100 480.000000
2775245 B 19 480.000000
2774349 B 20 533.000000
2050765 B 20 537.630000
39406413 B 100 538.560000
2775117 S 51 625.000000
458791117 S 5 605.510000
1192909 S 3 592.000000
2613325 S 5 675.000000
2451661 S 25 620.250000
3444813 S 206 600.000000
2053325 S 10 600.000000
2054861 S 1 600.000000
1343053 S 50 599.000000
445037262 B 4 583.440000
2775374 B 10 475.000000
1343054 B 1 524.000000
1227214 B 12 433.710000
446942158 S 9 583.270000
2069582 S 1 675.000000
2775118 S 600 625.000000
2774606 S 30 610.500000
2054862 S 18 600.000000
478812110 S 300 591.850000
1218638 S 4 785.000000
1342926 S 12 668.000000
1202638 S 5 666.670000
3444814 S 855 600.000000
1343182 S 10 600.000000
448458190 S 12 584.010000
1252815 B 20 450.000000
2775375 B 10 475.000000
1250255 B 2 510.000000
1342927 B 10 510.000000
2773839 B 10 563.000000
455077967 S 9 583.790000
479908047 S 48 604.000000
444625615 S 100 585.100000
2775247 S 60 626.420000
2775119 S 25 625.000000
2774607 S 25 610.500000
1242703 S 10 700.000000
2055631 S 21 650.000000
2054223 S 4 630.000000
1343055 S 1 618.000000
1221967 S 100 605.000000
2126543 S 100 599.900000
444223440 B 4 583.610000
1252304 B 2 562.000000
2775376 B 20 475.000000
2775248 B 3 480.000000
1236176 B 5 480.000000
39406288 B 100 538.560000
1202640 B 20 404.040000
1208528 B 3 432.000000
447705168 B 250 583.170000
455352016 S 11 583.970000
2775120 S 42 625.000000
2054992 S 35 650.000000
2053840 S 2 625.000000
1172944 S 10 612.000000
1343184 S 17 609.980000
1342928 S 92 600.000000
2054224 S 21 600.000000
3189712 S 20 599.000000
3444944 S 100 640.000000
480715729 B 2000 582.780000
477670353 B 100 580.660000
478981073 B 100 497.000000
440364625 B 9 582.960000
2775377 B 40 475.000000
2773841 B 10 562.000000
1248593 B 5 450.000000
1342929 B 18 475.000000
1187025 B 5 450.000000
3067089 B 10000 0.020000
1228241 B 5 475.000000
478362961 S 100 584.900000
2054993 S 50 650.000000
2775121 S 200 625.000000
348552017 S 100 595.880000
1243217 S 10 640.000000
1171153 S 2 618.000000
1192145 S 7 605.000000
1234257 S 50 600.000000
1235153 S 70 600.000000
477670354 B 100 580.280000
1248210 B 25 430.000000
1253074 B 10 457.970000
2775378 B 5 475.000000
919506 B 5 498.890000
1232210 B 100 535.000000
1342930 B 10 540.100000
2774226 B 9 547.810000
2773842 B 3 562.000000
477437266 S 100 584.950000
478810578 S 13 700.000000
458815570 S 45 625.000000
478811986 S 100 620.000000
2806994 S 3 600.000000
2253394 S 10 671.250000
2054866 S 10 650.000000
2053970 S 22 625.000000
3444946 S 50 595.000000
1221714 S 7 625.000000
3061842 S 5 600.000000
3957714 S 20 600.000000
1234130 S 10 600.000000
440988243 B 100 582.310000
478813139 B 10 0.020000
2775379 B 19 475.000000
4756947 B 20 425.000000
2048211 B 2 480.000000
1223251 B 20 211.350000
1230803 B 5 451.000000
1221715 B 20 505.000000
448200403 S 100 583.960000
2149587 S 1000 600.000000
2773843 S 200 597.500000
1242707 S 2 950.000000
1233363 S 10 650.000000
3957587 S 10 609.870000
3444947 S 10 599.000000
3390291 S 10 620.000000
3444819 S 250 625.000000
1343187 S 8 599.000000
452110932 B 100 582.370000
2775380 B 21 475.000000
1229908 B 20 310.500000
3390292 B 4 475.000000
1231188 B 20 505.000000
481453268 S 100 585.420000
478811348 S 5 668.000000
458762324 S 8 600.000000
2773844 S 10 597.500000
1243092 S 48 605.000000
1342932 S 1 600.000000
3957716 S 10 600.000000
3389908 S 50 640.000000
3444948 S 44 625.000000
2045525 B 1 0.500000
1208405 B 2 450.000000
2775381 B 50 475.000000
1342933 B 20 510.000000
3957717 B 1 560.260000
478812885 B 100 577.000000
450643029 S 100 584.720000
2775893 S 25 662.000000
1246037 S 35 650.000000
1253589 S 30 650.000000
2053973 S 16 630.000000
2056149 S 30 620.000000
1192149 S 25 605.000000
1238869 S 5 605.000000
1234133 S 8 600.000000
1250261 S 10 600.000000
2295637 S 7 600.000000
1343061 S 10 599.000000
1249621 S 5 598.410000
452117590 B 9 583.050000
2775382 B 20 475.000000
458726998 B 100 555.060000
3390422 B 2 475.000000
450012758 S 100 583.860000
2054102 S 50 625.000000
2053974 S 20 620.000000
2774486 S 5 608.480000
2774358 S 10 605.000000
2158934 S 9 604.500000
1231702 S 10 675.000000
442591959 B 100 582.230000
2775383 B 100 475.000000
2046295 B 1 0.500000
1221207 B 100 420.000000
1342935 B 14 535.000000
452156631 S 100 583.720000
458726999 S 100 613.640000
478810583 S 10 612.000000
2774615 S 2 610.940000
2774359 S 9 605.000000
348256855 S 100 589.520000
1252567 S 31 700.000000
3389783 S 35 699.900000
3444823 S 20 625.000000
3188567 S 100 605.000000
1249879 S 40 605.000000
1234135 S 5 600.000000
1250135 S 5 600.000000
1243223 S 35 599.290000
2775384 B 30 475.000000
1242200 B 100 480.000000
864344 B 1 401.000000
1226968 B 10 480.000000
39406424 B 100 538.560000
478794200 S 25 625.000000
1342936 S 10 650.000000
2052312 S 18 625.000000
2774360 S 3 605.000000
1343064 S 30 600.000000
322267608 S 25 590.000000
1250136 S 151 700.000000
1234136 S 40 650.000000
1215832 S 50 625.000000
4115544 S 10 612.000000
4201176 S 100 600.000000
3389656 S 40 672.000000
452767577 B 11 583.340000
1208537 B 4 432.000000
1250649 B 10 450.100000
2775385 B 20 475.000000
1221209 B 100 480.000000
2053721 B 5 528.980000
39406425 B 100 538.560000
311920601 B 25 566.110000
441874265 S 10 583.540000
478811353 S 3 600.000000
1223641 S 2 675.000000
1234137 S 60 650.000000
1232729 S 20 649.990000
3389529 S 10 649.000000
2606425 S 2 649.000000
3444953 S 500 625.000000
2774361 S 5 605.000000
46096729 S 50 601.000000
3186393 S 42 600.000000
10959322 B 100 510.000000
3390554 B 40 475.000000
3390426 B 10 510.000000
39406298 B 100 538.560000
480808026 S 2000 584.370000
478811482 S 20 600.000000
1163098 S 3 643.160000
3390298 S 10 640.000000
2774746 S 5 613.810000
3957466 S 30 611.000000
1207130 S 10 605.000000
1236570 S 20 605.000000
2774362 S 10 605.000000
1232218 S 25 600.000000
1342938 S 20 600.000000
2056538 S 1 600.000000
2209114 S 30 600.000000
441527771 B 100 583.030000
907099 B 13 370.000000
3444827 B 1000 440.000000
2047963 B 1 480.000000
451809243 S 5 583.820000
476432219 S 100 584.770000
447075035 S 100 584.370000
1241435 S 10 675.000000
1231835 S 100 605.000000
2774363 S 100 605.000000
1343195 S 16 600.000000
2084059 S 50 600.000000
3389659 S 2 685.000000
3957723 S 12 605.000000
446197084 B 200 549.500000
2776156 B 50 330.000000
1235932 B 200 370.000000
1226460 B 50 375.000000
1164892 B 2 451.000000
1221340 B 25 512.260000
478805340 S 20 630.000000
2730460 S 10 645.000000
2055132 S 5 612.000000
2774364 S 10 605.000000
1342940 S 25 600.000000
2057052 S 50 600.000000
479906780 S 18 600.000000
3957724 S 5 605.000000
863964 S 2 649.000000
3444828 S 180 640.000000
3444956 S 300 620.000000
455157725 B 100 583.470000
1340765 B 200 450.000000
907101 B 13 375.000000
1227229 B 10 444.000000
1222237 B 25 446.000000
1214301 B 20 450.000000
1221085 B 50 480.000000
2424029 S 150 593.150000
2774365 S 6 605.000000
2149341 S 8 630.000000
1248989 S 18 624.000000
1251165 S 7 600.000000
1343069 S 7 600.000000
1221597 S 10 618.000000
3390557 S 50 612.760000
3389789 S 5 640.200000
3957725 S 10 600.000000
133733085 S 500 595.790000
450150238 B 12 583.180000
446806750 B 11 582.680000
3444958 B 100 555.000000
1239134 B 10 450.000000
1227358 B 20 480.000000
1221214 B 5 493.660000
1190494 B 7 510.000000
1237854 B 25 531.000000
1244382 B 28 536.600000
39406302 B 100 538.560000
452370782 S 12 583.980000
459292766 S 10 600.000000
478813534 S 100 600.000000
2774366 S 20 605.000000
2053214 S 2 600.000000
2053854 S 4 625.000000
2053470 S 1 612.000000
1253086 S 1 600.000000
1234142 S 20 600.000000
1215710 S 5 625.000000
1218654 S 50 605.000000
450955743 B 3 583.500000
2783711 B 8 480.000000
2774879 B 8 487.500000
2774751 B 10 498.500000
1245791 B 30 445.000000
1231199 B 10 475.000000
39406431 B 100 538.560000
448104927 S 11 583.950000
478810975 S 1 600.000000
478813023 S 11 600.000000
444152671 S 11 584.150000
2775263 S 12 627.270000
2774495 S 20 608.980000
3761759 S 100 599.000000
2055135 S 9 650.000000
1242335 S 4 640.000000
1342943 S 50 618.000000
214606175 S 40 605.000000
3758943 S 10 601.000000
3390431 S 15 640.000000
3444831 S 84 625.000000
2197855 S 1 600.000000
444309984 B 100 583.710000
478809952 B 1 1.880000
1226976 B 20 335.000000
2582880 B 15 415.000000
1235936 B 50 450.000000
1240160 B 10 450.000000
1232096 B 25 481.120000
3389664 B 50 451.960000
1167840 B 100 525.000000
39406432 B 100 538.560000
475992928 B 10 584.240000
445181664 S 7 583.710000
3444960 S 150 595.000000
2095584 S 50 630.000000
2774880 S 50 619.330000
2208224 S 5 618.000000
2053472 S 15 600.000000
2054368 S 3 600.000000
449106912 S 12 584.340000
444223329 B 4 583.600000
478810081 B 6 550.000000
442720481 B 7 583.210000
2774881 B 3 486.000000
1221473 B 40 510.000000
1226721 B 10 480.000000
455157729 B 100 583.350000
1219041 S 20 675.000000
1186913 S 19 627.720000
1231969 S 50 624.000000
1235681 S 25 605.000000
2774369 S 100 605.000000
1234017 S 50 600.000000
1234145 S 13 600.000000
475999330 B 100 584.190000
453421026 B 100 583.420000
458797410 B 50 555.000000
452238434 B 100 583.360000
1242082 B 100 555.000000
1208546 B 13 432.000000
1216866 B 2 450.000000
1235298 B 2 450.000000
1241186 B 15 480.000000
3444834 B 150 490.100000
1221346 B 10 530.000000
291037410 B 40 576.910000
477420130 B 500 583.630000
444223330 S 100 584.970000
415672674 S 2 586.300000
1236578 S 10 618.000000
1249762 S 13 606.000000
1251042 S 50 600.000000
1343202 S 10 600.000000
2209890 S 15 600.000000
3957602 S 15 604.000000
3760738 S 30 605.000000
3390050 S 10 620.000000
441330915 B 160 583.230000
1247715 B 5 450.000000
1228387 B 20 480.000000
478811875 B 5 480.000000
3390051 B 50 475.000000
450794595 S 12 583.860000
2774371 S 50 605.000000
2773731 S 4 592.000000
2081635 S 15 749.000000
1252195 S 2 650.000000
2055395 S 34 600.000000
1186403 S 100 675.000000
1237731 S 70 618.000000
1238627 S 10 611.000000
3214179 S 10 605.000000
3390435 S 22 690.000000
442549988 B 100 582.590000
2055396 B 25 440.000000
1217508 B 4 450.000000
1227364 B 50 475.000000
2774372 S 9 605.000000
1234148 S 5 650.000000
449958501 B 100 583.400000
2776165 B 50 310.000000
2775909 B 1 445.000000
39406437 B 100 538.560000
441986405 S 10 583.440000
478810597 S 21 600.000000
2775653 S 60 644.000000
2775269 S 24 627.500000
2774373 S 50 605.000000
1241957 S 3 651.000000
1232101 S 200 650.000000
1253733 S 10 600.000000
1342949 S 10 600.000000
1343205 S 5 600.000000
2229477 S 4 600.000000
444507237 S 100 584.340000
442574693 S 9 583.660000
455213030 B 100 582.610000
193338854 B 50 577.000000
2775910 B 200 445.000000
2775782 B 10 453.650000
1241958 B 30 510.000000
1252582 B 20 450.000000
84966 B 5 420.000000
1220582 B 70 431.000000
1227494 B 12 448.110000
1234278 B 25 450.000000
453382502 S 10 583.630000
448239078 S 100 583.640000
448093414 S 13 583.910000
444698470 S 10 584.050000
2775654 S 25 644.000000
2205030 S 125 638.000000
2039526 S 1 630.000000
2775270 S 25 627.500000
2774374 S 5 605.000000
1249254 S 10 605.000000
448863719 B 12 583.670000
2775911 B 20 445.000000
1233255 B 10 450.000000
1226599 B 12 480.000000
451702759 S 14 584.110000
478812263 S 2 620.000000
2052583 S 20 645.000000
2775655 S 300 644.000000
1192295 S 10 622.200000
2053479 S 1 612.000000
1227367 S 8 605.000000
1343207 S 50 600.000000
2100071 S 35 592.750000
476084712 B 4 584.150000
444294120 B 9 583.660000
2055656 B 1 473.020000
39406440 B 100 538.560000
1245672 B 3 509.580000
450137064 B 12 583.220000
444979560 B 100 583.430000
440689896 S 9 583.590000
2775528 S 340 638.580000
2774376 S 5 605.000000
1392488 S 60 600.000000
313418344 S 30 700.000000
448537449 B 5 583.630000
1232489 B 3 420.000000
2039401 B 1 420.000000
2775913 B 100 444.000000
1227369 B 5 450.100000
2775529 B 10 468.880000
864233 B 10 486.370000
1243625 B 14 533.000000
39406313 B 100 538.560000
447660777 S 13 583.870000
2775785 S 10 651.000000
2775657 S 7 645.000000
2774633 S 100 611.000000
2774377 S 4 605.000000
2774249 S 100 601.000000
2053609 S 5 650.000000
2039145 S 5 625.000000
1231465 S 8 650.000000
1232873 S 9 605.000000
145595497 S 1 620.000000
3760233 S 50 605.000000
911593 S 7 700.000000
1232233 S 15 600.000000
451707881 S 100 584.210000
444883818 B 4 583.430000
1232490 B 10 445.000000
1233386 B 16 450.000000
2774890 B 25 485.100000
1232234 B 1 510.000000
1249514 B 10 510.000000
478810090 B 2 524.000000
39406314 B 100 538.560000
447810154 B 11 583.340000
2053610 S 11 650.000000
2054890 S 7 650.000000
2621546 S 4 649.000000
2775658 S 50 645.000000
2053482 S 12 620.000000
2774634 S 50 611.000000
2051946 S 5 600.000000
2174570 S 50 600.000000
2208362 S 3 600.000000
1238634 S 10 599.000000
1251306 S 90 600.000000
1343210 S 1 600.000000
3760746 S 31 599.000000
1238506 S 7 744.440000
1238250 S 800 644.000000
1207274 S 50 625.000000
3389802 S 23 640.000000
3390314 S 10 690.000000
1234154 S 10 600.000000
470235499 B 10 584.260000
478810475 B 100 1.000000
1231595 B 20 530.000000
2055531 B 4 531.000000
907243 B 25 375.000000
3390443 B 23 430.010000
3389547 B 10 375.000000
451707883 S 100 584.250000
458750315 S 4 600.000000
478810219 S 6 600.000000
1343211 S 2 650.000000
1248107 S 10 645.000000
2052331 S 5 625.000000
1243499 S 50 612.000000
2774635 S 25 611.000000
1221355 S 1 605.000000
1251179 S 300 605.000000
2064747 S 100 600.000000
3760363 S 24 595.000000
2775148 B 8 480.350000
1220716 B 10 480.000000
475854956 S 200 584.240000
1232236 S 100 597.770000
2775916 S 12 669.000000
2213868 S 50 645.000000
2775660 S 100 645.000000
1343212 S 1 630.000000
3444972 S 100 625.000000
1207148 S 2 625.000000
1221740 S 6 625.000000
1216620 S 10 611.000000
920940 S 10 605.000000
1342956 S 20 600.000000
446942189 B 100 582.660000
268573677 B 3 570.000000
1201261 B 40 450.000000
1233389 B 10 450.000000
458781805 S 25 604.030000
2775917 S 9 669.000000
2451693 S 10 624.000000
2774637 S 100 611.000000
1343213 S 20 650.000000
2039917 S 5 650.000000
2054893 S 8 650.000000
920941 S 15 605.000000
3101165 S 4 605.000000
3390573 S 59 640.000000
3762157 S 10 620.000000
3389549 S 43 611.000000
444223470 B 11 583.660000
2775918 B 20 440.000000
1220590 B 100 430.010000
1208558 B 7 432.000000
1241454 B 20 450.000000
1342830 B 4 450.000000
1235310 B 10 480.000000
444979566 B 4 583.450000
441521902 S 10 583.660000
459291886 S 20 600.000000
2775790 S 3 653.250000
1231726 S 100 650.000000
2775662 S 10 645.000000
2774638 S 7 611.000000
2774510 S 50 609.980000
3957614 S 10 605.000000
3101550 S 100 600.000000
2222958 S 3 600.000000
2227054 S 25 600.000000
481470830 S 100 586.560000
465222511 B 30 584.690000
182778223 B 100 577.000000
2678639 B 1000 1.000000
2775919 B 50 440.000000
1250287 B 4 450.000000
2775279 B 10 477.880000
1230831 B 50 308.000000
1231087 B 25 475.000000
475988719 B 10 584.190000
478981359 S 300 595.100000
458767983 S 14 600.000000
2774639 S 48 611.000000
1232751 S 40 651.000000
2053615 S 6 650.000000
3389807 S 30 640.000000
1244783 S 3 600.000000
1247343 S 4 600.000000
475999088 B 100 584.190000
444909040 B 4 583.420000
2775920 B 3 440.000000
1231472 B 1 412.580000
1234288 B 15 450.000000
864240 B 1 7.020000
39406320 B 100 538.560000
1234160 B 10 555.000000
2775664 S 2 645.000000
2774640 S 1000 611.000000
1237232 S 2 600.000000
448463857 B 5 583.530000
2775921 B 2 440.000000
1247345 B 10 344.110000
1235185 B 3 445.000000
1239921 B 200 450.000000
70641 B 100 512.000000
864369 B 6 535.000000
39406449 B 100 538.560000
2773745 B 10 572.000000
478813041 S 12 597.900000
2022129 S 107 592.000000
2053233 S 10 600.000000
1249649 S 100 700.000000
1254001 S 17 650.000000
1343217 S 20 630.000000
1224049 S 50 628.500000
1342961 S 30 599.000000
2775922 B 20 440.000000
907890 B 30 420.000000
1186162 B 10 450.000000
1233906 B 10 450.000000
1228658 B 25 475.000000
1231602 B 5 517.970000
39406450 B 100 538.560000
864242 B 1 4.710000
2773746 B 10 572.000000
441873266 S 120 583.520000
1342962 S 5 650.000000
1343218 S 7 650.000000
2053618 S 5 630.000000
3957746 S 11 600.000000
1245426 S 20 600.000000
154326642 S 145 599.970000
452457842 S 12 583.870000
2775923 B 100 440.000000
863091 B 100 490.000000
477420275 S 400 585.560000
478981235 S 100 700.000000
458806259 S 5 620.270000
458767347 S 36 600.000000
2054131 S 25 650.000000
1343219 S 2 700.000000
1242739 S 10 675.000000
1232755 S 150 650.000000
1246451 S 50 606.000000
1186419 S 10 644.000000
1238899 S 50 600.000000
444071540 B 100 583.350000
479734772 B 100 579.690000
440418420 B 9 583.040000
2775924 B 30 440.000000
1234932 B 5 450.000000
1233908 B 5 469.240000
1167476 B 20 562.000000
443591028 S 11 584.050000
478981108 S 200 630.000000
479969396 S 200 620.000000
1250676 S 142 700.000000
1249140 S 7 650.000000
1252468 S 40 650.000000
2774644 S 20 612.000000
1248628 S 6 600.000000
2196084 S 5 600.000000
1221620 S 5 625.000000
3389684 S 10 640.000000
1207028 S 10 625.000000
451605749 B 12 583.480000
478810485 B 100 473.020000
445905909 B 11 582.970000
2047349 B 30 480.000000
2775157 B 30 480.150000
1251829 B 10 475.000000
39406325 B 100 538.560000
2774645 S 3 612.000000
319067125 S 500 591.760000
1249013 S 8 640.000000
2055029 S 7 604.530000
863093 S 50 604.000000
1230197 S 50 600.550000
3444981 S 38 620.000000
2054133 S 15 600.000000
2057845 S 40 600.000000
478811126 B 10 0.010000
2041974 B 10 441.000000
1342838 B 20 450.000000
2451574 B 50 480.000000
1230710 B 10 475.000000
3390326 B 6 505.510000
3389814 B 2 425.000000
437630710 S 100 584.050000
479907958 S 24 630.000000
2775926 S 39 669.220000
2775158 S 100 626.220000
2774646 S 100 612.000000
2195574 S 50 624.000000
2039542 S 1 700.010000
2053622 S 5 620.000000
1171702 S 2 695.000000
1243382 S 50 640.000000
1231862 S 3 612.000000
2052470 S 1 600.000000
444493302 S 120 584.250000
1253879 B 40 310.000000
1189495 B 25 450.000000
39406327 B 100 538.560000
446426231 S 100 583.280000
458766583 S 14 600.000000
2774903 S 12 620.000000
2052471 S 10 605.000000
2774391 S 100 605.000000
1175415 S 7 695.000000
1247095 S 25 650.000000
1222007 S 35 627.290000
453976952 B 100 583.470000
478798712 B 70 570.000000
445272440 B 11 583.000000
2773752 B 10 571.320000
2774776 B 100 497.000000
1186168 B 10 451.000000
2039032 B 6 475.000000
5377144 B 20 520.000000
39406456 B 100 538.560000
2774904 S 50 620.000000
2774392 S 52 605.000000
1244536 S 10 650.000000
1342840 S 10 650.000000
2049656 S 138 650.000000
1238520 S 15 649.000000
1343224 S 9 620.000000
1249528 S 15 605.000000
1232760 S 10 685.000000
1221752 S 10 604.000000
1235448 S 100 600.000000
478812665 B 1 1.000000
448467449 B 5 583.550000
478810233 B 20 0.100000
2775161 B 20 480.000000
2774777 B 7 497.000000
1208569 B 20 432.000000
864249 B 3 531.000000
921209 B 4 475.010000
3444857 B 108 510.000000
3064953 B 1 1.000000
4284921 B 200 534.180000
452502905 S 100 583.960000
478813305 S 2 600.300000
1246073 S 10 685.000000
3389561 S 1 640.000000
2120825 S 250 630.000000
2774649 S 1 612.000000
2774393 S 23 605.000000
2773753 S 100 593.110000
464460153 S 100 585.000000
465293306 B 100 584.690000
2775162 B 1 480.000000
2041978 B 25 475.000000
1225338 B 10 414.000000
39406330 B 100 538.560000
1208826 B 5 450.000000
452502906 S 100 584.010000
478810106 S 3 690.000000
2774906 S 10 620.000000
2774778 S 5 615.500000
2774394 S 10 605.000000
1245178 S 5 624.000000
1237626 S 200 600.000000
2055418 S 2 600.000000
1223930 S 40 648.930000
480531578 S 100 584.570000
1188731 B 1000 1.000000
1208827 B 5 450.000000
1247739 B 3 450.000000
2039931 B 100 475.000000
2775163 B 25 480.000000
1233915 B 4 481.020000
39406459 B 100 538.560000
442544251 S 10 583.530000
2066171 S 3 675.000000
1342843 S 9 649.480000
2774907 S 10 620.000000
2774395 S 600 605.000000
1251195 S 50 692.000000
3444859 S 50 625.000000
3444987 S 52 620.000000
1340795 S 140 600.000000
2773883 S 50 599.000000
442970491 S 100 583.990000
451803771 S 5 583.810000
443898235 S 11 583.700000
2775164 B 25 480.000000
1226876 B 2 431.000000
1227516 B 5 480.000000
39406332 B 100 538.560000
448768380 B 12 583.530000
441527292 S 9 583.720000
475187836 S 100 613.640000
2774908 S 75 620.000000
2774652 S 50 612.300000
2078460 S 10 610.010000
2774396 S 20 605.000000
2058108 S 21 600.000000
1252988 S 4 650.000000
1342972 S 4 650.000000
1343228 S 12 620.000000
1192572 S 100 605.000000
3957756 S 10 600.000000
3194236 S 36 600.000000
863996 S 4 625.610000
2773884 S 4 599.000000
443720572 S 1 583.980000
1236349 B 200 450.000000
1250045 B 5 450.000000
478811133 B 10 471.370000
1342973 B 3 475.000000
2775165 B 5 480.000000
409027965 S 200 584.000000
458796029 S 10 611.000000
1340797 S 100 650.000000
1342845 S 20 650.000000
1224445 S 75 649.000000
2774909 S 15 620.000000
1241213 S 20 600.000000
478810494 B 1 1.000000
10958462 B 100 475.010000
2775166 B 1 480.000000
478812414 B 100 550.000000
1234942 B 100 450.000000
1342846 B 50 450.000000
2047870 B 10 475.000000
1236222 B 100 480.000000
1232126 B 20 559.000000
39406334 B 100 538.560000
447971710 S 11 583.680000
1343230 S 1 675.000000
1224318 S 22 650.000000
1234174 S 50 650.000000
2774910 S 200 620.000000
1134718 S 100 605.000000
2773886 S 5 599.000000
446196350 S 200 597.500000
444504831 B 4 583.780000
447719039 B 100 478.550000
3389823 B 100 425.000000
3390463 B 2 475.000000
2776191 S 1 779.000000
1342847 S 18 675.000000
2775039 S 4 622.480000
1232255 S 6 618.000000
2056703 S 5 618.000000
2774399 S 12 605.000000
1221887 S 20 600.400000
1232895 S 20 600.000000
1342975 S 5 600.000000
2773887 S 6 599.000000
3101311 S 25 612.250000
3763071 S 15 605.000000
3760255 S 40 599.000000
